北北西 4.6 1.0 61 1004.2 28.0
北北西 3.4 0.5 58 1004.5 27.8
北北西 3.8 0.1 62 1004.5 27.6
東北東 2.1 0.0 68 1005.1 25.7
北東 2.5 0.0 70 1005.6 24.6
北 2.4 0.0 69 1005.9 24.9
北北西 3.6 0.0 72 1006.2 24.5
北 3.1 0.0 75 1006.3 24.0
北西 2.1 0.0 79 1006.4 23.4
北西 0.8 0.0 83 1006.2 22.3
東 0.9 0.0 91 1006.3 21.4
南南東 0.9 0.0 95 1006.1 20.9
東 0.5 0.0 95 1005.8 20.9
東南東 3.3 0.0 68 1007.7 24.9
東 5.0 0.0 68 1007.2 25.7
南東 1.7 0.0 63 1006.1 27.2
東南東 3.6 0.1 59 1005.4 28.3
東南東 3.2 0.1 56 1005.5 29.1
南東 2.3 0.0 57 1005.4 29.5
東北東 2.5 0.0 51 1005.5 29.8
東北東 2.4 0.1 53 1005.8 30.0
北西 3.2 1.0 55 1006.2 29.3
北北西 2.1 1.0 60 1006.7 28.5
北西 2.0 1.0 64 1007.4 26.8
北 1.3 1.0 71 1008.4 24.3
北西 1.6 1.0 81 1008.4 22.8
北北西 1.2 0.3 85 1008.4 21.5
西南西 1.6 0.2 91 1008.3 20.3
北 0.9 0.0 94 1008.0 20.1
東北東 0.6 0.0 90 1007.6 20.7
北北西 2.2 0.0 69 1011.3 27.7
北西 3.1 0.2 65 1010.9 28.5
北西 4.6 0.8 59 1010.0 30.2
北西 3.8 0.8 58 1009.4 31.1
北北西 3.8 0.9 54 1008.9 32.2
北北西 4.4 1.0 49 1008.7 33.0
北北西 5.9 1.0 49 1008.6 33.0
北北西 5.2 1.0 52 1008.9 33.6
北西 4.3 1.0 52 1009.4 32.8
北 2.8 1.0 62 1010.0 31.3
北北西 2.6 0.9 63 1010.2 28.9
北北西 1.8 1.0 74 1010.2 27.6
西北西 1.1 0.1 85 1010.6 24.9
北北西 1.3 0.9 87 1010.7 24.1
西 0.8 0.2 92 1010.9 22.7
北北西 0.9 0.0 92 1010.8 22.4
北 1.0 0.0 95 1010.7 22.2
南南東 1.3 0.0 78 1010.5 27.1
西北西 1.1 0.0 67 1010.1 29.2
西北西 2.3 0.2 60 1009.4 30.5
西北西 3.7 1.0 57 1008.9 31.2
北北西 3.4 0.9 59 1009.1 31.6
北 2.6 0.7 61 1009.2 31.2
北東 1.2 0.5 64 1009.8 30.6
北西 1.6 0.4 65 1010.5 30.6
西北西 1.1 0.0 70 1011.1 28.9
北西 1.1 0.2 72 1011.7 28.0
北西 1.9 0.4 79 1011.9 26.6
北西 1.2 0.1 85 1012.3 25.2
西北西 1.5 0.1 89 1012.8 24.0
東南東 0.6 0.0 93 1013.5 22.8
北西 0.5 0.0 99 1013.6 21.9
東 0.3 0.0 100 1013.7 21.8
北東 0.8 0.0 100 1013.6 21.6