-0.12001010030508041 -0.5890591740608215 -0.817342221736908 -1.6651254892349243 -0.8544377684593201 0.45624810457229614
-0.7544602751731873 -0.22802114486694336 0.3446904122829437 0.4973737597465515 -0.2628633975982666 1.017154335975647
-0.7247558832168579 -1.1513025760650635 -0.9609493017196655 -0.638279378414154 -0.9274227023124695 0.06394634395837784
-0.06427684426307678 -0.1996621936559677 0.8194446563720703 1.5236676931381226 0.2833322584629059 1.3731791973114014
1.1721675395965576 1.6514700651168823 -1.2117972373962402 -1.2269558906555176 -1.1267472505569458 -0.13038460910320282
0.7267645001411438 0.8713255524635315 -0.7025934457778931 -0.9342690706253052 -0.8038975596427917 -2.2662036418914795
-0.3121167719364166 -0.700165867805481 -0.06024423614144325 -1.520827293395996 -0.4437647759914398 -0.006198268383741379
-2.3147366046905518 -1.5640815496444702 -1.3246721029281616 0.8946076035499573 -0.7203319668769836 0.38080382347106934
0.2670593857765198 -0.6374489068984985 -0.4489257037639618 0.1844967007637024 0.0035215190146118402 1.194767951965332
0.31756332516670227 0.17041541635990143 0.502549946308136 -0.18965284526348114 0.15874138474464417 -0.32351335883140564
-0.7333577871322632 -0.5052105784416199 -0.33626341819763184 1.049145221710205 -0.47295910120010376 0.8369758129119873
1.4825867414474487 1.3697584867477417 -0.21457858383655548 -0.6617541313171387 -0.21393653750419617 -0.06283004581928253
-0.03950011730194092 -0.3519500195980072 0.4434961974620819 1.288134217262268 0.2581878900527954 1.6819536685943604
0.0741654485464096 -0.10916362702846527 0.5488415360450745 1.4458435773849487 0.39805498719215393 1.347633957862854
0.21175363659858704 0.6335440278053284 0.7360958456993103 0.957180917263031 0.5336031317710876 -0.2473725974559784
-0.3162507712841034 -0.3458445072174072 -0.2669309973716736 -1.1617405414581299 -0.4821636378765106 0.516066312789917
1.8431750535964966 1.4209823608398438 2.5961172580718994 1.3585211038589478 3.392709732055664 2.8611414432525635
0.1489093154668808 -0.5009580254554749 -0.5754641890525818 -1.3513902425765991 -0.4464738965034485 0.5235404372215271
0.41635289788246155 -0.10941459983587265 -0.11745502054691315 -0.9231922030448914 -0.12355285882949829 0.08890504390001297
0.45760297775268555 -0.2925347089767456 -0.6731320023536682 -1.325120210647583 -0.5504244565963745 0.4878448247909546
-1.2904132604599 -1.1611686944961548 -0.7406789064407349 1.148998498916626 -0.7177721858024597 0.8991090655326843
1.0670489072799683 1.194991111755371 0.8243008255958557 0.13556745648384094 0.9881730079650879 -1.1642221212387085
-0.9575180411338806 -0.7391347885131836 -0.732867419719696 -1.0714139938354492 -0.8783313632011414 -0.28257447481155396
2.3373968601226807 1.743578553199768 0.8243565559387207 0.060457877814769745 1.8551173210144043 0.11545988917350769
0.029298346489667892 0.4833323657512665 -0.8663851618766785 -1.6652320623397827 -0.7043670415878296 -0.6000105738639832
-1.156413197517395 -1.4805303812026978 -1.1420316696166992 0.01528796087950468 -0.7640459537506104 0.08828780055046082
-1.2867730855941772 -1.5618155002593994 -0.7471626996994019 0.8889833092689514 -1.1464970111846924 -0.09098908305168152
-0.5706044435501099 -1.3963974714279175 -0.7355551719665527 -1.1728870868682861 -0.6863235831260681 -0.6170398592948914
-0.6040592193603516 -0.1761343628168106 0.0637034997344017 0.028853967785835266 -0.1676592230796814 0.9740142822265625
-1.3482710123062134 -1.126720666885376 -0.546035647392273 0.16285106539726257 -0.7967681288719177 -0.09429412335157394
-1.4677133560180664 -1.597970962524414 -0.7244477868080139 -0.5009779334068298 -0.7022094130516052 -0.5790283679962158
0.02300337702035904 -0.12867502868175507 -0.2037232369184494 0.4302726984024048 -0.321058988571167 1.2160876989364624
1.2704068422317505 0.6954891085624695 0.6724728941917419 0.7121511101722717 0.6437220573425293 -1.650505542755127
-0.04415547475218773 0.7525786757469177 0.4334883391857147 0.6039445996284485 0.042841020971536636 -0.5563516616821289
-0.4623684883117676 -0.3610149621963501 0.10198508948087692 -1.2557330131530762 0.03508291393518448 0.3996048867702484
0.9115383625030518 0.3868201971054077 1.4049538373947144 1.4864219427108765 1.186501145362854 -0.3411444127559662
-1.5056792497634888 -1.3894507884979248 -0.28007474541664124 0.030102523043751717 -0.8205404877662659 -0.46327894926071167
1.0677872896194458 0.6910688877105713 1.1852262020111084 1.3683348894119263 1.301397442817688 -0.9736519455909729
0.04878700152039528 0.2811736762523651 0.4629277288913727 -0.6652550101280212 0.009341328404843807 -0.1691446304321289
-0.0966934859752655 0.5834932923316956 -0.5706740021705627 -0.7680168747901917 -0.5683900117874146 -0.42037755250930786
-0.8817975521087646 -1.6090912818908691 -0.8723123073577881 0.46054407954216003 -0.7959112524986267 -0.0736059918999672
-0.478707492351532 0.022507835179567337 0.5056493878364563 0.19607028365135193 -0.04136430844664574 0.7176935076713562
0.6464219689369202 1.1547545194625854 0.44808003306388855 -0.8280718922615051 0.5011048913002014 -2.048168420791626
0.23389510810375214 0.9271339774131775 -1.0306974649429321 -1.5852636098861694 -0.8814881443977356 -1.4346530437469482
-0.7087976336479187 -0.5579413175582886 -0.29531505703926086 0.5746961832046509 -0.6885401606559753 0.6799830794334412
-0.9164690971374512 -0.8766254782676697 -0.019652463495731354 0.5336132645606995 -0.26285868883132935 0.3977030813694
-1.4080685377120972 -1.6109358072280884 -1.033341646194458 -1.3494899272918701 -0.9642261862754822 -0.840046226978302
-0.08239070326089859 -0.013126228004693985 -0.5041799545288086 -1.3087884187698364 -0.29761552810668945 0.3446838855743408
0.35680675506591797 -0.035517871379852295 0.18424758315086365 0.48340779542922974 0.0749865397810936 0.5181783437728882
-1.5053218603134155 -0.813170850276947 -0.9943405985832214 0.15782895684242249 -0.7708061933517456 0.32879170775413513
0.7227532267570496 0.3327654302120209 -0.3567272126674652 -0.8507972359657288 -0.25358814001083374 -1.200285792350769
-1.2493069171905518 -1.4273399114608765 -0.5453058481216431 -0.34838902950286865 -0.7193866968154907 -0.49864673614501953
-0.13250617682933807 0.2349015176296234 -0.6890092492103577 -1.1885534524917603 -0.732674777507782 -0.030662618577480316
-1.340477705001831 -0.6553303003311157 -1.1634657382965088 -0.9244291186332703 -0.6885247230529785 0.5236180424690247
-0.5036906003952026 -0.35639098286628723 -1.7754329442977905 -0.9496293663978577 -1.1775928735733032 1.533225178718567
-0.9860376715660095 -0.8525640368461609 -0.6511911153793335 -1.1017297506332397 -0.48900097608566284 0.22538194060325623
-0.7269527912139893 -1.3627804517745972 -0.6524695158004761 0.5837011337280273 -0.8055821657180786 0.23876498639583588
-0.994957685470581 -1.41654634475708 -1.2623287439346313 -1.6154272556304932 -0.8952569961547852 -0.28519973158836365
1.1504865884780884 1.368062138557434 0.7485445141792297 -0.26428309082984924 0.7007575035095215 -0.8386149406433105
0.036385368555784225 0.30194810032844543 -1.0877941846847534 -0.4500596225261688 -1.0724680423736572 0.026548167690634727
1.6955472230911255 1.5023601055145264 -1.079323410987854 -1.2775640487670898 -0.836682915687561 0.587609052658081
1.2052549123764038 1.3036601543426514 1.4650737047195435 0.0878245085477829 1.854720950126648 -0.030549531802535057
-1.2332637310028076 -1.3062124252319336 -0.26771169900894165 -0.5604709386825562 -0.5335351228713989 -0.3065279424190521
-1.7927943468093872 -1.5660028457641602 -1.4270038604736328 1.336595058441162 -0.9099526405334473 0.48014816641807556
0.18484686315059662 -0.08622780442237854 -0.12992748618125916 -0.06128672882914543 0.001559364260174334 0.7213493585586548
0.46679219603538513 0.3101860582828522 0.5962820649147034 0.38386374711990356 0.23105481266975403 -0.4683212637901306
1.1780364513397217 1.3316967487335205 1.0869024991989136 0.3854614198207855 1.029115080833435 -0.26509910821914673
-1.5109753608703613 -0.8277201652526855 -0.6727818250656128 -0.1190321072936058 -0.9062585830688477 -0.057071931660175323
0.702812910079956 1.5100659132003784 -0.4691666066646576 -1.2847139835357666 -0.33033180236816406 -1.7291793823242188
0.049984294921159744 0.7584229111671448 1.1693718433380127 0.7833906412124634 0.6494109034538269 -0.17991389334201813
1.0294489860534668 0.8130955100059509 -0.019851846620440483 -1.0201596021652222 0.15902449190616608 -2.2826592922210693
-0.9755096435546875 -0.22912363708019257 0.40863242745399475 1.6690152883529663 -0.5095314979553223 1.1200205087661743
0.08406275510787964 0.9332413077354431 1.269217848777771 0.4502689242362976 0.790209949016571 -0.821135938167572
-0.055907122790813446 0.5513406991958618 -0.43845900893211365 -0.7653687596321106 -0.6819941401481628 -0.728959858417511
0.195765882730484 0.25028955936431885 -1.521340250968933 -0.2834971845149994 -1.0437822341918945 0.4296037256717682
0.8308501839637756 0.3941560685634613 1.590195655822754 0.8504358530044556 1.1670355796813965 -0.7809415459632874
-1.2491271495819092 -0.9371809959411621 -0.7904431819915771 0.6870216131210327 -0.49507927894592285 0.8313029408454895
-0.6737018823623657 -1.3384902477264404 -0.8021618127822876 -0.38752156496047974 -0.7678170800209045 -0.2593234181404114
2.5304388999938965 1.6540580987930298 2.0222387313842773 1.256576418876648 3.8303472995758057 1.6354024410247803
-0.8453755974769592 -1.1437392234802246 -0.5580000877380371 -1.2479311227798462 -0.7692383527755737 -0.337050199508667
-0.8351122736930847 -0.4341231882572174 -0.3653506934642792 -1.646064043045044 -0.7343074083328247 -0.14157289266586304
-1.0525834560394287 -1.3789925575256348 -1.0014278888702393 -0.6601051092147827 -0.8524238467216492 -0.038866955786943436
0.30799540877342224 0.08292277157306671 0.02037210948765278 1.1837204694747925 -0.09809250384569168 0.6628265380859375
-0.417180597782135 -0.11816658079624176 0.10533557832241058 0.5023040771484375 -0.2726965844631195 1.1536736488342285
-0.3065895736217499 -0.19543352723121643 -0.4515688419342041 0.11207941174507141 -0.8739884495735168 0.7260075807571411
-1.1395984888076782 -1.0250030755996704 -1.1592235565185547 -0.901356041431427 -0.8401501774787903 0.24218519032001495
-0.20327867567539215 0.6717483997344971 0.47162675857543945 0.3034597933292389 -0.010848474688827991 0.020964035764336586
-2.2211191654205322 -1.464596152305603 -0.50407874584198 -0.1769205629825592 -0.8648950457572937 -0.641045331954956
0.025489749386906624 -0.10626743733882904 0.22701618075370789 0.8662375807762146 -0.1414427012205124 1.0610133409500122
-2.103269100189209 -1.6509954929351807 -1.4072911739349365 -1.6226330995559692 -1.033470869064331 -0.9027948975563049
1.0170313119888306 1.3974518775939941 1.9432586431503296 0.3261423110961914 1.7446962594985962 -0.2569335401058197
0.1117548793554306 0.22842571139335632 -0.32020917534828186 0.42168134450912476 -0.7690795063972473 0.3704001009464264
0.33502906560897827 0.16876445710659027 -0.8339890241622925 -1.2169145345687866 -0.7680736780166626 -0.370736300945282
-0.144052654504776 -0.3143247663974762 -0.13123126327991486 1.169661521911621 0.06595046073198318 1.4121310710906982
0.33184272050857544 -0.37462252378463745 0.032792188227176666 1.2615240812301636 0.19813679158687592 1.5246225595474243
0.8224366903305054 1.1840482950210571 1.580984354019165 0.5483376383781433 1.5792275667190552 -0.9406819343566895
1.0175280570983887 1.480445146560669 2.7598612308502197 1.3419811725616455 2.5749852657318115 1.1222856044769287
-0.23220884799957275 -0.14000649750232697 -0.8173355460166931 -1.6763012409210205 -0.6143837571144104 0.39878416061401367
0.6780499815940857 1.7794313430786133 -0.709409773349762 -1.3747994899749756 -0.4130152463912964 -1.2220627069473267
0.2762795090675354 -0.4304808974266052 0.4888119399547577 1.2625893354415894 -0.041807062923908234 1.2211822271347046
1.1331568956375122 0.615402102470398 1.4402222633361816 1.3170911073684692 1.0972225666046143 -0.8242287635803223
0.15458442270755768 -0.5821335911750793 0.4335196316242218 1.2938554286956787 -0.052041664719581604 1.3484841585159302
0.9009407758712769 0.6713356971740723 -0.4500522315502167 -0.46033647656440735 -0.5899603366851807 -2.0728063583374023
0.41869544982910156 0.2668553590774536 -0.5756257772445679 -0.7915229201316833 -0.7462866902351379 -0.9519892334938049
1.8970692157745361 1.7306149005889893 1.5726728439331055 0.15618568658828735 2.3570194244384766 1.78970468044281
-0.4042074680328369 0.4335523843765259 -1.0208814144134521 -1.307457685470581 -0.798454225063324 0.43382057547569275
-0.27035754919052124 -0.9234390258789062 -0.4325641095638275 -0.5950192213058472 -0.3868311941623688 0.6262725591659546
-0.4783274829387665 -1.2828134298324585 -0.1299104243516922 0.8520579934120178 -0.2709595859050751 0.3073453903198242
0.26010236144065857 0.816868245601654 -0.04580186679959297 -0.5166641473770142 0.31261342763900757 -1.442366600036621
-0.02242456004023552 0.8866192698478699 -0.35102686285972595 -1.363295078277588 -0.32901015877723694 -1.16537344455719
-0.28096941113471985 -0.998192310333252 -1.3899626731872559 -1.1979055404663086 -0.999422550201416 0.6046067476272583
-1.2495696544647217 -1.6421786546707153 -1.2404104471206665 -1.4254957437515259 -0.9220548868179321 -0.6528783440589905
0.41061052680015564 0.6393950581550598 1.1113009452819824 -0.1185382679104805 0.4790516197681427 -1.2416508197784424
-0.39670637249946594 -0.7823615074157715 0.6152282357215881 0.8608535528182983 -0.022233083844184875 0.8548805117607117
0.912960410118103 0.4170793294906616 0.7365190982818604 0.3618057668209076 1.2138829231262207 -1.1345853805541992
-1.335937738418579 -1.1511820554733276 -1.1132044792175293 -0.4018045663833618 -0.8528521060943604 -0.06057710945606232
1.208118200302124 0.8856438994407654 0.18828356266021729 0.021205423399806023 0.4408925175666809 -1.6989271640777588
0.36594250798225403 -0.1478126496076584 -0.7157105803489685 -1.354372262954712 -0.7536494731903076 0.2120964229106903
-0.6763743162155151 -0.37273985147476196 -0.24198651313781738 -0.11504840850830078 -0.4182618260383606 0.9561994671821594
-0.22743289172649384 -0.23832908272743225 0.2859606444835663 0.5375028848648071 -0.16885414719581604 0.967241644859314
0.6777704358100891 0.039862144738435745 0.8130047917366028 1.6874325275421143 0.6164573431015015 0.6969757080078125
-0.9689765572547913 -1.4438096284866333 -1.425965666770935 0.900714635848999 -0.8365427851676941 0.5363529920578003
1.163662075996399 1.2178897857666016 1.6009174585342407 0.919587254524231 1.4615678787231445 -0.32114195823669434
-1.2739548683166504 -1.2871681451797485 -0.056426938623189926 -1.3042187690734863 -0.7819193005561829 -1.2079521417617798
0.4569106698036194 -0.20513586699962616 -0.7167148590087891 -0.8325237035751343 -0.5546730756759644 0.294671893119812
1.0960123538970947 0.8583219647407532 1.6849485635757446 1.072710633277893 1.922505259513855 -0.5730873346328735
-0.4011607766151428 -1.1861937046051025 -1.5593465566635132 -1.5469743013381958 -1.1387441158294678 0.11291132122278214
-0.9019318222999573 -0.7722111344337463 0.6000871658325195 0.5183637738227844 -0.2874956429004669 0.32393360137939453
-0.17290590703487396 -0.7285698056221008 0.07485730946063995 0.3176339268684387 -0.20297271013259888 0.9660431742668152
0.21172985434532166 0.7440736293792725 1.5691895484924316 0.37505778670310974 1.0822731256484985 -0.6091790795326233
-0.535022497177124 0.1605048030614853 -1.0435670614242554 -1.396003246307373 -0.6949005722999573 0.40407297015190125
1.644698977470398 1.4241528511047363 2.0081310272216797 0.40378090739250183 2.539585828781128 1.8908169269561768
-1.0083707571029663 -0.5138870477676392 -0.4749715328216553 0.98333740234375 -0.7299458384513855 0.8499011397361755
0.46884647011756897 0.4496389627456665 -0.39316293597221375 -1.1650643348693848 -0.19140541553497314 -1.2945870161056519
-0.23627738654613495 -0.7932837009429932 -0.8149828910827637 0.33982571959495544 -0.4822738766670227 1.0416964292526245
-0.5392447710037231 -0.3390260338783264 -0.04379553347826004 0.7770346999168396 -0.6192308664321899 0.8992683291435242
0.8874343633651733 1.4965952634811401 -0.14267109334468842 -0.8821950554847717 -0.13586099445819855 -1.6423918008804321
0.5825883150100708 1.6476569175720215 1.505143165588379 -0.11245573312044144 1.230633020401001 -1.22632896900177
-1.9303510189056396 -1.170638084411621 -0.04919686168432236 1.091467261314392 -1.0406875610351562 -0.4077003002166748
0.15937229990959167 0.8084589838981628 1.2402702569961548 0.9660784602165222 0.8914230465888977 -0.4491702616214752
-0.5293132662773132 0.12644073367118835 -0.2582510709762573 -1.2150367498397827 -0.23859603703022003 0.5785303711891174
0.8413464426994324 0.5306832790374756 -1.6043304204940796 -1.6431198120117188 -1.368817687034607 -1.9674768447875977
-0.12486311793327332 0.4367510974407196 1.6009726524353027 1.7182960510253906 0.9275559782981873 1.17247474193573
-0.9610518217086792 -0.30995669960975647 0.5155962109565735 -0.0005134434904903173 -0.4008898138999939 0.18710623681545258
1.1134898662567139 1.1895296573638916 0.189926415681839 0.05701635777950287 0.4122354984283447 -1.0717228651046753
-0.06919561326503754 -0.5707865953445435 -0.6017110347747803 0.06352372467517853 -0.41528749465942383 0.636340320110321
-1.5047922134399414 -1.453365683555603 -0.7096262574195862 -0.28884157538414 -0.7352648973464966 -0.567780613899231
-1.6042449474334717 -1.5253299474716187 -0.9147434830665588 1.0463370084762573 -0.5505337119102478 0.34101763367652893
1.484466552734375 1.1427090167999268 0.8419998288154602 0.9032779335975647 1.0870064496994019 0.1654762327671051
-0.5970197916030884 -1.4050251245498657 -0.41102364659309387 1.3970813751220703 -0.5938645601272583 0.5726550221443176
-1.5333259105682373 -1.4247125387191772 -1.4965436458587646 1.3542226552963257 -0.8012762665748596 0.8256362080574036
0.9099083542823792 0.5854272246360779 0.3025399446487427 -0.3625653088092804 0.4688096046447754 -1.7719143629074097
-0.9329126477241516 -1.5026328563690186 -0.7836043238639832 1.1627408266067505 -0.6554735898971558 0.19086435437202454
0.847326397895813 1.5657151937484741 1.270355224609375 0.7109004855155945 1.2322312593460083 -0.5332251787185669
-1.266510248184204 -1.2926348447799683 -0.8236289024353027 1.6395719051361084 -0.9938855171203613 0.5738429427146912
-1.951686143875122 -1.47124183177948 -0.8796359896659851 -0.005574328824877739 -1.0553346872329712 -0.2492346167564392
-0.8216003775596619 -0.3608325123786926 -1.1966986656188965 0.8578885793685913 -0.9009959101676941 1.5197908878326416
1.7856744527816772 1.0299097299575806 1.0277447700500488 0.48722556233406067 1.924808144569397 0.44641199707984924
-0.28543171286582947 -1.136372447013855 -1.1112098693847656 -0.38218462467193604 -0.6576413512229919 0.42839956283569336
0.6991291642189026 0.9582949876785278 0.6358813643455505 0.019200975075364113 0.28623712062835693 -2.0518040657043457
1.1351248025894165 0.6933164000511169 1.7393075227737427 0.1618771255016327 1.8572428226470947 -1.3234328031539917
1.0049066543579102 1.0870641469955444 2.031607151031494 1.2153382301330566 2.1359052658081055 -0.3291102647781372
0.533691942691803 1.2402265071868896 -0.292746365070343 -1.0496424436569214 -0.23337818682193756 -2.195270299911499
-1.8407548666000366 -1.5896426439285278 -0.7687985897064209 -1.4464601278305054 -0.7408259510993958 -1.2782886028289795
-0.37916693091392517 -0.7104178667068481 -1.0727455615997314 -1.211401343345642 -0.8485942482948303 0.5796588063240051
0.5620206594467163 1.415584683418274 2.5088388919830322 1.458420753479004 2.1162126064300537 -0.22731812298297882
-0.857965350151062 -1.3131659030914307 -1.0456920862197876 -0.568408191204071 -0.7647076845169067 -0.04233207553625107
-0.5846419930458069 -1.0856962203979492 -0.6201332807540894 -1.4984465837478638 -0.9932325482368469 -0.29385310411453247
0.8497744798660278 -0.03753272071480751 -0.3135303258895874 0.6927181482315063 -0.08609459549188614 0.030122671276330948
-0.739042341709137 -0.9283826947212219 0.018336208537220955 1.6235798597335815 -0.19112959504127502 1.029615879058838
1.714687466621399 1.7509580850601196 -1.216535210609436 -1.4918137788772583 -1.1193280220031738 0.4580349922180176
1.5589667558670044 1.0419046878814697 0.06376145035028458 -0.3455609083175659 0.746452808380127 -0.4646032452583313
-0.2900111675262451 -0.5995240211486816 -0.530003011226654 1.4715251922607422 -0.4744214713573456 1.6085138320922852
0.41227179765701294 0.3964581787586212 0.23761628568172455 0.22873395681381226 0.44837313890457153 -0.32426899671554565
-0.05349082872271538 0.21469202637672424 0.2563713490962982 -0.6434632539749146 0.1690770536661148 0.1526731252670288
-0.09144837409257889 -0.10532344877719879 -0.011563947424292564 -0.36359208822250366 -0.09934421628713608 0.858540415763855
-0.5353758931159973 -0.023155150935053825 -0.3324570059776306 -0.6196467876434326 -0.5065465569496155 0.7673304677009583
-0.5865320563316345 -0.7436915636062622 -1.0577771663665771 -0.8948494791984558 -0.5555001497268677 0.5297942161560059
0.16817918419837952 -0.5082598924636841 0.4405818581581116 0.4385538399219513 0.2631460726261139 1.2452553510665894
-1.688835859298706 -1.3962888717651367 -1.6431448459625244 -0.5901170372962952 -0.6258531212806702 0.11728902906179428
0.2939522862434387 0.24253767728805542 0.7991357445716858 0.03643356263637543 0.21093502640724182 0.087248794734478
-0.728583812713623 -1.2512681484222412 -1.0683598518371582 0.23586413264274597 -0.8883982300758362 0.27029693126678467
1.1144405603408813 0.6154995560646057 1.0224435329437256 0.5525448322296143 1.1949398517608643 -1.247522234916687
-0.5003589987754822 -0.24857419729232788 -0.3804881274700165 -0.33255577087402344 -0.5763360857963562 0.8425813317298889
-0.2513740062713623 0.2237066626548767 0.26575514674186707 -0.827703595161438 0.004216417670249939 0.37213581800460815
0.4288961887359619 -0.010848470963537693 -0.32794544100761414 -0.3354508876800537 -0.15853078663349152 -0.03033498302102089
-1.9030660390853882 -1.5084632635116577 -0.2024250626564026 0.5686182379722595 -0.9170846939086914 -0.33751797676086426
1.7273648977279663 1.3455734252929688 1.6952353715896606 1.1212471723556519 2.350821018218994 1.9417301416397095
0.5464739799499512 1.488384485244751 -0.4267248809337616 -0.789770781993866 -0.2989117205142975 -2.2109100818634033
1.137992262840271 1.2084171772003174 1.599640130996704 1.2247276306152344 1.73096764087677 -0.12237931042909622
-0.3028746545314789 -0.3718867301940918 -0.39387214183807373 0.15464366972446442 -0.6613561511039734 0.7868320941925049
1.1593270301818848 0.9449848532676697 -0.12803487479686737 -0.6926183700561523 0.14742876589298248 -1.7003717422485352
-0.3718069791793823 -1.2515305280685425 -0.28937065601348877 0.2734379172325134 -0.3380507230758667 0.3839850127696991
0.6312791705131531 0.9662935137748718 1.99733304977417 1.3946179151535034 1.6927512884140015 -0.6728398203849792
1.0885255336761475 0.9222157597541809 0.9862826466560364 0.03114362433552742 1.299505591392517 -1.4951139688491821
-1.2528722286224365 -1.5507845878601074 -0.9384440183639526 1.1199983358383179 -0.7417884469032288 0.16710485517978668
0.13747364282608032 -0.0659559816122055 -0.6156103610992432 -0.7949489951133728 -0.10557998716831207 0.31148433685302734
0.5441837906837463 1.2312837839126587 -0.10104860365390778 -1.2666068077087402 -0.3124869465827942 -2.3256287574768066
-0.017238888889551163 -0.01594177819788456 -0.4286620616912842 -0.9014507532119751 -0.6362836360931396 0.27396872639656067
0.1750437170267105 -0.406325101852417 0.21439610421657562 1.4921669960021973 0.1733127236366272 1.5782088041305542
-0.6369107961654663 -1.5942131280899048 -1.363010048866272 0.3680707514286041 -1.176256775856018 0.17287194728851318
2.0084733963012695 1.3898706436157227 1.0844755172729492 -0.06692147254943848 2.072211503982544 1.734448790550232
1.1696033477783203 1.4939688444137573 1.9234882593154907 0.7439481019973755 2.205512285232544 0.898503303527832
0.7522517442703247 -0.1345939338207245 -0.8567647933959961 0.38821882009506226 -0.6878538131713867 0.28514787554740906
-0.5448700189590454 0.08222966641187668 1.380327582359314 1.5000669956207275 0.4347681701183319 1.5295085906982422
0.08577397465705872 0.17211587727069855 0.32222771644592285 0.4804108738899231 -0.013639337383210659 0.3968082368373871
0.9103774428367615 1.2437647581100464 0.1337706744670868 -0.889835774898529 0.22264747321605682 -1.7795754671096802
-0.03766903281211853 -0.19657614827156067 1.3545681238174438 0.7564215064048767 0.3854663372039795 1.010679841041565
-0.17126670479774475 -0.5616303086280823 -0.6430549621582031 -0.7618645429611206 -0.34778863191604614 0.5855547785758972
0.922776460647583 0.88810133934021 -0.0745433047413826 -0.6627030968666077 -0.16534043848514557 -2.3372433185577393
-0.4034495949745178 0.48728013038635254 1.7326633930206299 1.4025464057922363 0.9044674038887024 1.1781399250030518
1.6124802827835083 1.2570215463638306 2.2337076663970947 1.0947152376174927 2.7385447025299072 1.775327444076538
1.7760852575302124 1.4811780452728271 1.0038942098617554 -0.19051481783390045 1.446273684501648 1.3224674463272095
0.9801086187362671 0.770426869392395 1.1642862558364868 1.5707656145095825 0.8057215809822083 -1.1237170696258545
-0.27840861678123474 -0.2130489945411682 0.6296536326408386 1.1028151512145996 0.07620999962091446 1.2464641332626343
1.249754548072815 1.534999132156372 1.166508436203003 -0.4392299950122833 1.2553975582122803 0.30843812227249146
-0.8000254034996033 -1.495451807975769 -0.6708162426948547 0.9907160997390747 -0.5005462765693665 0.39797574281692505
-0.7320922613143921 -0.9773553609848022 -0.42418578267097473 0.3976486325263977 -0.26866596937179565 0.48282870650291443
2.2189152240753174 1.7128920555114746 1.3964779376983643 0.29190558195114136 2.5588035583496094 1.0332019329071045
-0.041202958673238754 -0.7352890968322754 -0.8345853090286255 -1.5961490869522095 -0.6138014197349548 0.02886037528514862
-0.4816206395626068 -0.35219794511795044 -0.4597766399383545 0.8817539811134338 -0.4166634678840637 1.2903155088424683
-0.660400927066803 -1.1255093812942505 -0.9911288022994995 0.04793780669569969 -0.9301193952560425 0.278230220079422
1.2875803709030151 0.9916277527809143 -0.8074963688850403 -1.526459813117981 -0.5885355472564697 -1.8364866971969604
0.39218229055404663 -0.3828776478767395 -1.714906096458435 -1.3230749368667603 -1.4382528066635132 0.9588661193847656
1.4853159189224243 1.520920753479004 -0.03292839974164963 -0.46875500679016113 0.6235620975494385 0.5170764327049255
0.5266520977020264 0.5687318444252014 1.5522611141204834 1.4911224842071533 1.1643421649932861 -0.3245971202850342
-0.8355659246444702 -1.6582236289978027 -1.1740330457687378 1.582935094833374 -0.7583239078521729 0.3588992655277252
0.42167744040489197 0.3630701005458832 2.0457193851470947 1.5814499855041504 1.1561106443405151 0.46477648615837097
-1.6749391555786133 -1.3403607606887817 -0.9392692446708679 -0.5623200535774231 -0.8003583550453186 -0.45291081070899963
-1.1791307926177979 -1.0906776189804077 -1.176033854484558 -1.1164665222167969 -1.0084959268569946 -0.20513902604579926
-1.0973929166793823 -0.6811242699623108 -1.2077040672302246 -1.4438765048980713 -1.3200788497924805 -0.02222909778356552
0.6437788009643555 0.1930633932352066 -0.15402166545391083 -0.6323280334472656 -0.09235285222530365 -0.7908457517623901
1.6250914335250854 1.3192652463912964 -1.6649773120880127 -1.519670844078064 -1.5572407245635986 -0.27977490425109863
0.9175266623497009 1.0636235475540161 0.5794364809989929 0.0046177394688129425 0.630204975605011 -1.8329476118087769
-1.1004773378372192 -0.5352476239204407 -0.739597737789154 -1.1379053592681885 -0.860837996006012 0.12259364128112793
-1.686254858970642 -1.4441686868667603 -1.0174872875213623 1.6436175107955933 -1.2124935388565063 0.5680510997772217
-0.24596700072288513 -0.8654687404632568 -0.02745012380182743 0.22051455080509186 -0.23509535193443298 0.6709928512573242
1.0573703050613403 1.0462435483932495 0.030380690470337868 0.8074997663497925 0.0121378805488348 -1.130006194114685
-1.5200963020324707 -1.2017749547958374 -1.3362623453140259 -0.352887898683548 -0.9323918223381042 0.09541215747594833
-1.32051682472229 -1.1253985166549683 -0.5673626661300659 -0.7692680358886719 -0.7047480940818787 -0.39470815658569336
-1.012326717376709 -0.8443405032157898 0.5270063877105713 1.7057907581329346 -0.5961558222770691 0.36630523204803467
1.7453739643096924 1.3446747064590454 -0.22124330699443817 -0.5191918015480042 0.04589005932211876 0.30154362320899963
-0.16468322277069092 -0.19223365187644958 0.4304504692554474 1.5044598579406738 0.09594043344259262 1.527582049369812
1.5604573488235474 1.585822582244873 2.8634934425354004 1.6211516857147217 3.4160079956054688 3.278553009033203
1.2090061902999878 1.4130109548568726 -0.6061310768127441 -0.8054760694503784 -0.30414921045303345 -0.6918156743049622
0.842270016670227 0.4610854685306549 1.13608717918396 0.9972162246704102 0.8670173287391663 -0.7017356157302856
-1.1367366313934326 -0.8862031698226929 -0.9033117294311523 -1.383551836013794 -0.9774627089500427 -0.14875377714633942
0.6794742345809937 0.26342183351516724 1.117888331413269 1.2554794549942017 1.0466448068618774 0.13828065991401672
-1.9318535327911377 -1.651118516921997 -0.9729660749435425 -1.265135645866394 -0.6554836630821228 -1.0290695428848267
0.8375169634819031 0.7386743426322937 1.788895606994629 1.6047959327697754 1.703967571258545 -0.7370055317878723
0.21941004693508148 0.5485509634017944 -0.4867774546146393 -1.284962773323059 -0.24221068620681763 -0.880918562412262
-0.557228147983551 -0.9183312058448792 -1.6033265590667725 -1.3701095581054688 -1.2358660697937012 0.4139747619628906
0.7395787835121155 0.28913402557373047 1.1444530487060547 1.2378021478652954 0.6477453112602234 -0.26388171315193176
0.48276352882385254 1.2451006174087524 1.5044236183166504 0.21924512088298798 1.3054155111312866 -1.4568573236465454
0.80854731798172 0.37594303488731384 1.0626544952392578 1.286465048789978 0.9380452632904053 -0.49068742990493774
1.7443069219589233 1.516839861869812 -0.7483705282211304 -1.2926274538040161 -0.6492605209350586 0.22963613271713257
0.110331691801548 -0.5025948882102966 -0.42952215671539307 -1.5401686429977417 -0.2733692228794098 0.5209912657737732
0.3790329396724701 0.12382820248603821 0.39166122674942017 -0.5526939034461975 0.06433580815792084 -0.23796944320201874
-0.6635868549346924 -0.30934858322143555 0.8254550695419312 1.6509275436401367 0.05141710117459297 1.5290155410766602
-0.7136560678482056 -1.6018146276474 -0.30011844635009766 0.49094071984291077 -0.7070896029472351 -0.47255533933639526
-0.041185908019542694 -0.2518395781517029 -0.09045585244894028 1.5781441926956177 -0.5690315365791321 1.4455207586288452
-0.7970243096351624 -0.9185561537742615 0.2573888897895813 0.06171613559126854 -0.22090618312358856 -0.04909868910908699
0.9958051443099976 1.293380856513977 2.383775234222412 1.37372624874115 2.594075918197632 0.49381014704704285
-1.1828941106796265 -1.5480232238769531 -0.8200370073318481 -1.1544264554977417 -0.8117603063583374 -0.5640219449996948
-1.4131066799163818 -1.5031579732894897 -0.8582440614700317 -1.5778230428695679 -0.8707149028778076 -0.9723447561264038
2.2450056076049805 1.6434447765350342 -0.9153039455413818 -0.8660085201263428 -0.31054365634918213 0.12521350383758545
-0.03423987329006195 0.05796043947339058 0.11742997914552689 0.2277226597070694 -0.2168007642030716 0.5779095888137817
-0.5981642603874207 -0.2537808418273926 -0.2989847958087921 0.39583224058151245 -0.6425095796585083 0.8480066657066345
-0.5923553705215454 -0.15490761399269104 0.17104630172252655 1.0970648527145386 -0.057389650493860245 1.2941807508468628
-2.102295160293579 -1.5247814655303955 -1.017551302909851 1.1566557884216309 -0.819964587688446 0.3838869333267212
0.8901671767234802 0.9862534403800964 -0.6375290155410767 -1.0921862125396729 -0.300801545381546 -2.136693239212036
-0.43955475091934204 -0.3412998914718628 0.0934300571680069 -0.42014387249946594 -0.09733664989471436 0.5130502581596375
-0.3106248378753662 -0.542980968952179 -1.8065520524978638 -0.9357851147651672 -1.2668148279190063 1.2830947637557983
-0.8912143707275391 -1.360369324684143 -0.6077257394790649 0.38426586985588074 -0.857896625995636 -0.110329270362854
1.4445029497146606 0.9583748579025269 1.31520676612854 0.6356491446495056 1.6805436611175537 -0.24840505421161652
-1.8065564632415771 -1.4893107414245605 -0.8116412162780762 0.9572137594223022 -0.7168120741844177 0.2332509160041809
0.0669972226023674 -0.40217888355255127 -0.8417177200317383 -1.2790714502334595 -0.43613216280937195 0.7565205097198486
1.2137629985809326 1.6445592641830444 3.760032892227173 1.6738632917404175 4.110535144805908 3.5255446434020996
-1.0698530673980713 -1.2200684547424316 -0.610597550868988 -0.2459421157836914 -0.6840721368789673 -0.04718780890107155
1.1467812061309814 1.700654149055481 2.681593894958496 1.0686535835266113 2.370039224624634 1.779394268989563
-1.479852557182312 -0.6493778824806213 -0.7832610011100769 -1.3409483432769775 -0.8615823984146118 -0.4104124903678894
0.2688817083835602 -0.05713971331715584 0.5076588988304138 0.3188733756542206 0.4682895839214325 0.7052561640739441
-0.5781471133232117 -0.4713938236236572 -1.079839825630188 -1.3502819538116455 -1.034563660621643 0.4810886085033417
-1.4033305644989014 -1.2007209062576294 -0.6795362234115601 -0.2429157942533493 -0.6433618068695068 -0.15859541296958923
0.3993363082408905 0.8232584595680237 2.1848392486572266 1.2155615091323853 1.1179487705230713 -0.6737886667251587
0.48199889063835144 0.823988139629364 0.6824604868888855 0.23556390404701233 0.6803946495056152 -1.1172045469284058
-0.18921782076358795 0.4216546416282654 -0.4834277629852295 -1.5665589570999146 -0.5910773873329163 -0.34786343574523926
1.3259798288345337 1.173222541809082 -0.19633576273918152 -0.9869598746299744 -0.29236945509910583 -1.211730718612671
-0.5528210401535034 -1.2826124429702759 -1.327323317527771 -0.33530372381210327 -1.3536367416381836 0.08956103026866913
-0.1454334259033203 -1.1185131072998047 -0.8414086103439331 -0.49003586173057556 -0.48490649461746216 0.4183685779571533
-1.4374487400054932 -0.9908924698829651 -0.5940031409263611 -0.6837721467018127 -0.6057782173156738 -0.5836536884307861
1.54849374294281 1.2734631299972534 1.4126293659210205 0.7682836055755615 1.9922889471054077 1.0574363470077515
-0.003654020605608821 0.5811970829963684 1.0052324533462524 0.29562634229660034 0.26236650347709656 -0.17613810300827026
0.28187260031700134 0.8578320145606995 0.8100248575210571 -0.03966575488448143 0.047313325107097626 -1.627983570098877
-0.7637485861778259 -1.510039210319519 -1.4463491439819336 1.5172570943832397 -0.9103501439094543 0.5362226366996765
1.5448520183563232 1.7604490518569946 2.70485258102417 1.0572774410247803 3.3741767406463623 3.166491746902466
1.346216082572937 1.2994682788848877 -0.7449562549591064 -1.5463732481002808 -0.4296765625476837 -1.0993645191192627
0.5626975297927856 0.25015172362327576 0.35754430294036865 0.08080043643712997 0.034905269742012024 -0.4974792003631592
-0.11932046711444855 -0.6291977167129517 -0.060361348092556 0.6429403424263 -0.14800482988357544 1.0420385599136353
-0.7206584811210632 -1.1636582612991333 -0.2870141863822937 0.5177661180496216 -0.5722236633300781 0.10884785652160645
-1.8884179592132568 -1.5631729364395142 -0.3703111708164215 1.3823572397232056 -0.6485756635665894 0.14002889394760132
-1.5714695453643799 -0.8229949474334717 -0.825278103351593 0.29684656858444214 -0.8495457768440247 0.21918082237243652
-1.0159554481506348 -1.4308606386184692 -0.8584724068641663 -0.006825337186455727 -0.7901301383972168 -0.08567360043525696
-0.17492417991161346 -0.018546082079410553 0.12946848571300507 -0.2151482254266739 -0.30305126309394836 0.6139999032020569
1.4247368574142456 1.1830142736434937 1.9990544319152832 0.949885368347168 2.4916319847106934 0.722051203250885
0.6973795890808105 1.1649268865585327 1.673504114151001 1.3888098001480103 1.1494114398956299 -0.7323784828186035
0.09106113016605377 -0.5208107829093933 0.17311562597751617 0.08125873655080795 -0.0942174643278122 1.0686426162719727
-0.5139644145965576 -0.35409873723983765 -0.7125009298324585 0.17459672689437866 -0.5918723940849304 1.017745852470398
0.5693858861923218 0.9551326632499695 0.5724288821220398 -1.2968695163726807 0.27461719512939453 -2.0639450550079346
-0.7795925736427307 -0.4808731973171234 -0.26035308837890625 1.159064769744873 -0.2968582212924957 1.1862809658050537
-0.7964165806770325 -1.0386546850204468 -1.024375319480896 -1.356445550918579 -0.8497257232666016 -0.1822114735841751
-0.4205634593963623 -1.0989741086959839 -0.7039108872413635 -0.9025092124938965 -1.10650634765625 -0.1703483760356903
0.05589752271771431 -0.15204155445098877 -1.340943455696106 -1.5488829612731934 -1.3256757259368896 0.5581018328666687
-0.3655875623226166 -1.082882046699524 -1.0361888408660889 -0.2035202533006668 -0.9616889357566833 0.2537296414375305
-0.09052766859531403 -0.26692649722099304 -0.4051267206668854 -1.3584754467010498 -0.6621883511543274 0.32778769731521606
0.14491112530231476 -0.9075949192047119 0.055389247834682465 1.2763656377792358 0.06104634329676628 1.3202276229858398
0.9469849467277527 0.10700210928916931 0.3187595307826996 0.8292585611343384 0.587775468826294 -0.24534177780151367
0.4436512887477875 1.1420891284942627 1.4495177268981934 0.9391279220581055 1.0395798683166504 -1.1888108253479004
1.3196971416473389 0.9618967175483704 0.0820295587182045 -0.5619856119155884 0.6081644296646118 -1.4625732898712158
-1.2149075269699097 -0.35377588868141174 -0.2471114695072174 0.41300907731056213 -0.7061040997505188 0.7495683431625366
0.8070264458656311 1.359037160873413 0.4687093496322632 0.24712303280830383 0.9394141435623169 -1.1809556484222412
-0.29472532868385315 -0.3475930392742157 -0.6613085865974426 -1.5186927318572998 -0.3835289776325226 0.35335028171539307
-0.2877393066883087 -0.12400473654270172 0.4758336544036865 -0.2924128770828247 -0.2504289746284485 0.6934172511100769
-0.3512840270996094 -0.5399125218391418 -1.0240906476974487 -1.3550176620483398 -0.6108667254447937 0.5514394044876099
1.1898051500320435 1.648872971534729 0.8567948341369629 -0.5453147292137146 0.8045491576194763 0.4440072178840637
0.023914186283946037 1.0212864875793457 1.4386245012283325 1.1893980503082275 0.8383265733718872 -0.7060472369194031
-1.4319543838500977 -1.047667384147644 -0.5384759902954102 -1.066850185394287 -0.6928367018699646 -0.359016478061676
-1.242200255393982 -1.2848079204559326 -0.4164074957370758 -1.7027374505996704 -0.7648555636405945 -1.1884392499923706
0.7422881722450256 0.6515146493911743 -0.7616061568260193 -1.4511311054229736 -0.4271043539047241 -1.9465136528015137
-0.03944215551018715 -0.06749290972948074 -0.6253113746643066 -0.2441079169511795 -0.4641348719596863 0.6318068504333496
0.9277096390724182 0.8842290639877319 1.5256370306015015 1.3334434032440186 1.6877228021621704 -0.6338111758232117
0.9118751883506775 1.3587857484817505 1.91128671169281 0.5256378054618835 1.8482284545898438 -0.5098468661308289
1.1649445295333862 0.8753433227539062 0.7739483714103699 0.29490211606025696 0.7425290942192078 -1.7048861980438232
0.663632869720459 0.2512492537498474 -0.21845416724681854 -1.3320515155792236 -0.24824391305446625 -1.308273196220398
-1.9834493398666382 -0.951712429523468 0.12308800220489502 0.426849901676178 -0.867975652217865 -0.5337032675743103
0.12284386903047562 0.1739073395729065 0.2791972756385803 0.785577654838562 0.42713043093681335 0.6515790820121765
0.3209575414657593 -0.38159412145614624 -0.6674783229827881 0.649926483631134 -0.8847430944442749 0.9168055653572083
0.8623286485671997 1.1323503255844116 0.1354299932718277 0.3260677456855774 0.19537943601608276 -1.6119019985198975
-1.5195473432540894 -1.6484147310256958 -1.181126356124878 -1.7093751430511475 -0.48669639229774475 -0.7330843210220337
0.6451265215873718 0.281801700592041 -0.06137164682149887 0.5146751999855042 -0.4315883219242096 -0.4751800298690796
0.3033791780471802 -0.4685056507587433 -0.2593424320220947 1.1482257843017578 -0.4792599380016327 1.389250636100769
-1.4478734731674194 -1.3697550296783447 -0.9003713726997375 -1.1116598844528198 -0.4527926445007324 -0.3469650149345398
0.03634171932935715 -0.5621911883354187 -0.4242149293422699 -1.5840203762054443 -0.6572856307029724 0.12036114186048508
-0.051880307495594025 0.20461656153202057 0.8270325660705566 -0.041651833802461624 0.45542076230049133 0.6939323544502258
0.22108957171440125 0.059335991740226746 -1.39531672000885 -1.255614161491394 -1.260940432548523 0.13360561430454254
-1.646079659461975 -1.093858242034912 -1.2309074401855469 0.5396983027458191 -0.749126136302948 0.40988898277282715
1.99374258518219 1.6532871723175049 1.863448977470398 0.8788772821426392 2.4239673614501953 1.9806718826293945
-1.3027350902557373 -1.2583411931991577 -0.8953889608383179 -0.6700395345687866 -0.6617165207862854 -0.11397452652454376
0.43612876534461975 0.703100323677063 0.6699544787406921 0.7581207752227783 0.8462310433387756 -0.8236504793167114
-1.504555106163025 -1.2820507287979126 -0.15351161360740662 1.3999029397964478 -0.4846523404121399 0.25388234853744507
0.8268460035324097 0.46978095173835754 1.3263919353485107 1.065152883529663 1.380740761756897 -0.5918241739273071
-1.385606288909912 -1.411339521408081 -0.6274744272232056 0.3165295422077179 -1.0674614906311035 -0.6067504286766052
1.0919592380523682 1.065183401107788 2.227536916732788 1.35660982131958 2.3163235187530518 -0.006932713091373444
1.1048060655593872 1.572183609008789 -0.9894450306892395 -1.5009698867797852 -0.6982245445251465 -0.3966143727302551
-1.368277668952942 -1.1394730806350708 -0.5935653448104858 -1.5079658031463623 -0.5562832355499268 -0.46194952726364136
-0.611687421798706 -1.4339326620101929 -1.1244804859161377 -0.9393023252487183 -0.8089436888694763 -0.31184282898902893
0.7099961042404175 0.9626556634902954 1.896256446838379 1.4348548650741577 1.5545698404312134 -0.856749951839447
0.7871696352958679 0.870856761932373 -0.17304982244968414 0.18964986503124237 0.20928432047367096 -1.5016875267028809
-0.6593533754348755 -1.333829402923584 0.06978075951337814 0.759986937046051 -0.3352724015712738 0.21888227760791779
-1.3925683498382568 -1.1508570909500122 -0.7941372990608215 -0.27923014760017395 -0.864138126373291 -0.2535197138786316
0.7356366515159607 0.21396076679229736 1.1422879695892334 1.3453179597854614 1.2128791809082031 0.288290798664093
-0.0839242935180664 0.561859667301178 -0.9862337708473206 -1.360201358795166 -0.8495738506317139 -0.3228813707828522
-0.27037614583969116 0.4055476188659668 1.4977871179580688 1.6375502347946167 0.772796630859375 1.2159513235092163
0.22997573018074036 0.24931024014949799 0.8285243511199951 0.28214237093925476 0.47852715849876404 -0.07081989198923111
-1.4692271947860718 -1.5866459608078003 -0.5764951705932617 0.5930225253105164 -0.5015400052070618 -0.24816729128360748
0.6255395412445068 1.2593531608581543 -0.6773092150688171 -1.5330138206481934 -0.49981245398521423 -2.499783754348755
1.5837249755859375 1.645455241203308 -0.44320327043533325 -1.3070143461227417 -0.26335224509239197 0.6461402773857117
1.382403016090393 1.240891933441162 2.0060832500457764 1.6057934761047363 2.432990789413452 0.9041644334793091
-0.07713229954242706 0.848145067691803 1.176491141319275 1.0847870111465454 0.3399235010147095 -0.23463155329227448
-0.6398406624794006 -0.7749051451683044 0.2653801143169403 1.6707342863082886 0.022112784907221794 1.0755257606506348
-0.8204054236412048 -0.6049211025238037 -0.5250589847564697 1.5796897411346436 -0.5004838109016418 1.2993067502975464
1.0742685794830322 0.6578123569488525 -0.7188600301742554 -1.267468810081482 -0.46299102902412415 -2.1611645221710205
2.0340754985809326 1.408397912979126 0.4980093240737915 0.19968020915985107 0.9940112233161926 1.299164056777954
-0.8706010580062866 -0.6149075031280518 -0.626192569732666 -0.5638584494590759 -0.626565158367157 0.3756137490272522
1.541561245918274 1.3399583101272583 0.6420502662658691 0.05518076568841934 0.9537987112998962 0.34264418482780457
0.5783253312110901 1.4362084865570068 1.676469087600708 0.9727954864501953 1.690919041633606 -1.14693284034729
0.24483494460582733 1.2533856630325317 -0.25011998414993286 -0.8031833171844482 0.05777602270245552 -1.808690071105957
-1.1034326553344727 -1.216495394706726 -0.44439542293548584 -0.8781339526176453 -0.41362103819847107 -0.27642038464546204
-0.00907906424254179 0.05601214990019798 0.07101956754922867 0.04609444737434387 0.04476548731327057 0.748806893825531
-1.9221701622009277 -1.3564598560333252 -1.3292887210845947 0.019122367724776268 -0.7872691750526428 -0.0757271945476532
1.7992914915084839 1.3104355335235596 1.3881821632385254 0.3318849205970764 2.0608973503112793 0.9768794775009155
-1.627956509590149 -1.319682240486145 -0.5269134044647217 0.44449931383132935 -0.8449289202690125 -0.17651857435703278
0.1483445167541504 -0.3694968819618225 -0.3913995325565338 -0.18886923789978027 -0.3683752119541168 0.8704081773757935
-1.4811584949493408 -1.1470558643341064 -1.1038986444473267 -0.38722100853919983 -0.9237958192825317 -0.12964631617069244
-1.862902045249939 -1.3236486911773682 -0.654699444770813 -1.4597446918487549 -1.0116530656814575 -1.0346564054489136
-1.3239350318908691 -1.142473816871643 -0.444558709859848 0.5648131966590881 -0.5988396406173706 0.19805021584033966
0.059348128736019135 0.060694433748722076 -0.7645399570465088 -1.0265330076217651 -0.7512239217758179 -0.019886065274477005
0.622122049331665 0.6436983942985535 -0.7432224154472351 -0.8696981072425842 -0.4981873333454132 -1.8688757419586182
1.0735628604888916 0.3916277587413788 -0.7991911172866821 -1.243329644203186 -0.34265413880348206 -1.9969351291656494
-0.6141423583030701 -0.8056795597076416 -1.521880865097046 -1.2453652620315552 -1.0693813562393188 0.5759913325309753
2.3111424446105957 1.729532241821289 1.9366406202316284 0.6554778218269348 2.9478700160980225 1.2379573583602905
-1.1942145824432373 -1.416785717010498 -1.1134809255599976 -1.6572785377502441 -0.7163798213005066 -0.664683997631073
-0.9064111709594727 -1.5738805532455444 -1.5338225364685059 0.22832338511943817 -1.0184763669967651 0.17166529595851898
0.47319066524505615 0.6596320867538452 1.502947449684143 1.3048241138458252 1.285598874092102 -0.4488600492477417
1.684849500656128 0.9276720285415649 2.978908061981201 1.682979702949524 3.934983253479004 1.7806366682052612
-1.0011526346206665 -0.7408381700515747 0.9774825572967529 1.5928057432174683 -0.09063972532749176 0.8090113401412964
0.4547889828681946 0.9292940497398376 -0.05068361386656761 -0.046691957861185074 -0.20384855568408966 -1.8903892040252686
0.5062312483787537 1.0441510677337646 -1.3095335960388184 -1.3584303855895996 -1.2884490489959717 -2.187695264816284
0.9041185975074768 0.7855985164642334 -0.005372971296310425 -1.539599895477295 -0.08881641924381256 -2.7652480602264404
-0.954086422920227 -1.4530253410339355 -0.8716222047805786 -0.8521923422813416 -1.1260111331939697 -0.43724754452705383
1.6701385974884033 1.3173593282699585 0.9873873591423035 0.3092697858810425 1.3191704750061035 0.8310607075691223
-0.9840213656425476 -0.9969272613525391 -0.47035279870033264 0.5364577174186707 -0.6545681953430176 0.17683054506778717
1.2313865423202515 0.6944997310638428 1.689937710762024 0.06248531863093376 1.891170620918274 -1.3274240493774414
-0.36226150393486023 -0.8786954283714294 -0.04538983479142189 1.6341410875320435 -0.4097539484500885 0.7963324189186096
1.0317202806472778 1.727210521697998 0.5001283288002014 -0.35584449768066406 0.5791565179824829 0.025017984211444855
-1.7521549463272095 -1.3645946979522705 -0.8203969597816467 -1.3658074140548706 -0.6433395743370056 -0.7070235013961792
0.6999107599258423 0.4749554991722107 1.0236942768096924 1.6462794542312622 0.8928269743919373 -0.356825590133667
0.9303516745567322 1.4024488925933838 2.0881245136260986 0.9533879160881042 2.2017390727996826 0.013100782409310341
0.6000809073448181 1.2274421453475952 1.1420091390609741 0.5326331257820129 0.5408281683921814 -1.580869197845459
-0.030846266075968742 0.2234380692243576 0.402361661195755 1.5413763523101807 0.15876111388206482 0.9263744950294495
0.09467574954032898 0.10510562360286713 0.23806360363960266 0.7253485321998596 0.23887163400650024 0.7304283380508423
0.10304950177669525 0.5991590619087219 -0.8747755289077759 -1.110823392868042 -0.6395086646080017 -1.0071027278900146
-1.2114113569259644 -0.5909637808799744 -1.2746983766555786 -0.9624713063240051 -0.5883516073226929 0.3904092013835907
0.014993434771895409 0.5610005855560303 -0.21851149201393127 -0.3651235103607178 -0.5619781613349915 -0.4374515414237976
-0.25403934717178345 0.1806458830833435 1.3487932682037354 1.1854549646377563 0.719516396522522 1.0797687768936157
-0.19498851895332336 -0.7553055882453918 0.2018427699804306 0.9760655164718628 -0.26984602212905884 1.0358339548110962
-0.05306394398212433 0.22258153557777405 -0.5003940463066101 -1.1333587169647217 -0.3805527091026306 0.13308276236057281
-0.983156144618988 -0.6420949697494507 -0.5981836915016174 -1.2748678922653198 -0.4961340129375458 -0.045162033289670944
0.34421223402023315 -0.15108463168144226 -0.15912505984306335 0.24119378626346588 -0.48977696895599365 0.5638707876205444
0.5960933566093445 0.387744277715683 0.33064475655555725 -0.8817978501319885 0.17821574211120605 -1.25580894947052
-1.433228611946106 -1.050392746925354 -0.34574466943740845 1.3095282316207886 -0.5536029934883118 0.5309970378875732
0.8194189071655273 0.4707374572753906 1.4815757274627686 1.5646806955337524 1.25583815574646 -0.7575093507766724
-1.3141132593154907 -1.184444546699524 -0.9733394384384155 -0.894420862197876 -0.750999391078949 -0.20240670442581177
-1.327660083770752 -0.827701985836029 -0.7432462573051453 1.2817387580871582 -0.8465568423271179 0.5754814743995667
-0.5049360990524292 -0.04140131548047066 0.13302965462207794 -1.0956369638442993 -0.04385839402675629 0.47723907232284546
0.21955254673957825 0.25376638770103455 -1.0619536638259888 -0.74605792760849 -0.9724001288414001 -0.14041148126125336
1.0105459690093994 1.1790014505386353 -0.03717881813645363 -0.17015765607357025 0.2353697419166565 -1.5536737442016602
0.1752559393644333 0.9620872735977173 -0.17793917655944824 0.02497994154691696 -0.030703721567988396 -1.409868836402893
0.42055046558380127 1.465047001838684 1.9718449115753174 0.2696029543876648 1.234499454498291 -1.4566596746444702
2.134464740753174 1.7494981288909912 1.2357618808746338 -0.041265834122896194 1.952312707901001 0.5990743637084961
-0.7470501065254211 -0.20666521787643433 0.1812753528356552 -1.0314699411392212 -0.20093955099582672 0.4522128403186798
1.3364307880401611 0.9155482053756714 1.1543498039245605 0.9976081848144531 1.486770510673523 -0.5999950766563416
-1.5934566259384155 -1.313470482826233 -1.304408311843872 1.4477869272232056 -0.9553467035293579 0.6059399843215942
-0.013493511825799942 -0.44753485918045044 -0.16037790477275848 0.902338445186615 -0.587258517742157 1.078147530555725
1.2853953838348389 1.0851441621780396 -0.09328096359968185 -0.8229689002037048 -0.06894427537918091 -1.4007889032363892
-0.7588922381401062 -0.33965393900871277 -0.011587346903979778 -0.16912305355072021 -0.44624361395835876 0.6297442317008972
0.3900788724422455 0.11173319816589355 -0.21946057677268982 -0.6721618175506592 -0.14736585319042206 -0.1698831021785736
-0.11678984761238098 -0.44500425457954407 -0.3475589454174042 1.6119165420532227 -0.586527943611145 1.3959003686904907
1.5169450044631958 1.6408909559249878 0.02019953541457653 -0.685549795627594 0.2369864135980606 0.8371483683586121
0.3018017113208771 -0.17270073294639587 0.722284734249115 1.5546854734420776 0.5903094410896301 1.3247617483139038
0.9434939622879028 1.0249989032745361 -0.06222696974873543 -0.7715674638748169 -0.07457152754068375 -2.1006155014038086
0.9042955636978149 1.5839060544967651 1.8581926822662354 0.8663276433944702 1.5493360757827759 0.15901723504066467
-1.2897953987121582 -1.5883636474609375 -0.7110164761543274 1.1171659231185913 -0.668687105178833 0.08131381124258041
1.6922465562820435 1.0772465467453003 1.1314620971679688 0.5297483801841736 1.8002102375030518 0.172832652926445
1.712904453277588 1.4747412204742432 1.1316282749176025 0.27474358677864075 1.898391842842102 1.5321463346481323
-0.5025189518928528 0.19397786259651184 -0.5315631628036499 -1.3551572561264038 -0.2737329304218292 0.23344163596630096
-2.0374321937561035 -1.3635070323944092 -1.3315470218658447 -0.9737699031829834 -0.7494381070137024 -0.23873835802078247
-0.08779187500476837 -0.8254773020744324 -0.3031162917613983 -0.7464357018470764 -0.4675445854663849 0.5820534229278564
0.717132031917572 1.4567158222198486 0.577289879322052 -0.5183700323104858 0.5514065027236938 -1.39972722530365
-1.220427393913269 -1.0570298433303833 -0.7519779205322266 -0.8438394069671631 -0.7657164335250854 -0.22099801898002625
0.05412505939602852 0.13631309568881989 0.03523411229252815 -0.0637529119849205 -0.06665373593568802 0.5957732796669006
0.8143072724342346 0.1352122277021408 0.6590184569358826 -0.657511830329895 0.4465794265270233 -0.8516110777854919
-1.6708871126174927 -1.4356234073638916 -1.1974300146102905 -1.6630759239196777 -0.8328251242637634 -0.715674102306366
0.8442875742912292 1.1718708276748657 -0.5065869092941284 -1.4150949716567993 -0.6637723445892334 -2.3064184188842773
-0.4595981240272522 -0.06866859644651413 0.928781270980835 1.3170528411865234 0.32979846000671387 1.363001823425293
0.028904402628540993 -0.44317811727523804 -1.2582563161849976 0.051220424473285675 -1.2921760082244873 1.307041883468628
-1.9281762838363647 -1.4047297239303589 -1.0470436811447144 -0.7680844664573669 -1.0153788328170776 -0.4610104262828827
0.5780640840530396 0.39902815222740173 0.6435234546661377 1.460714340209961 0.8064407706260681 -0.2767895460128784
-0.8552034497261047 -0.53533935546875 -0.3717511296272278 -0.019786877557635307 -0.5452463030815125 0.4705464541912079
-1.1794706583023071 -1.1044760942459106 -0.33260563015937805 1.3299150466918945 -0.1394219547510147 0.6253185868263245
0.5417770743370056 1.1989585161209106 -0.5211567282676697 -0.3118855357170105 -0.42177340388298035 -2.056083917617798
0.9243955016136169 1.1627298593521118 1.3548481464385986 0.7572760581970215 1.4231104850769043 -1.1325435638427734
-0.8283565044403076 -0.23620039224624634 -0.4156017303466797 -1.3712048530578613 -0.6601511836051941 -0.028847122564911842
-1.1885892152786255 -1.4574873447418213 -1.1747530698776245 -1.6398087739944458 -0.7681084275245667 -0.7287481427192688
0.7470412254333496 0.7401565313339233 -0.050252124667167664 -0.7640818357467651 0.00697872182354331 -2.238341808319092
0.5151962041854858 0.6956117153167725 1.251596450805664 0.389472633600235 1.0231343507766724 -1.2731025218963623
0.4680342376232147 0.6928693652153015 -0.6607354879379272 -1.0246440172195435 -0.493265837430954 -1.8540000915527344
-0.19036167860031128 -0.21662648022174835 0.05307452008128166 0.611400842666626 -0.31842029094696045 0.9779810905456543
1.6811858415603638 1.3730005025863647 1.1850084066390991 0.4685591161251068 1.8418371677398682 1.3436903953552246
1.4394705295562744 1.7079660892486572 0.15699970722198486 -0.19759501516819 0.41578954458236694 0.7031888365745544
1.070434808731079 1.3902369737625122 0.6861926913261414 0.14967003464698792 0.7333933115005493 -0.6264452934265137
0.7446284294128418 -0.20612241327762604 0.024192459881305695 0.8990736603736877 -0.17450082302093506 0.5636265873908997
0.25954899191856384 0.786747932434082 0.38134312629699707 -0.38571175932884216 0.4860405921936035 -1.3287179470062256
0.23564858734607697 -0.0869969055056572 0.8608188629150391 0.7653396129608154 1.001098871231079 1.2128781080245972
-1.5920014381408691 -1.1161611080169678 -0.13774126768112183 0.9767619967460632 -0.5473663210868835 -0.039854928851127625
-0.6981616020202637 -1.2396103143692017 0.013128253631293774 0.0146431103348732 -0.3194376528263092 -0.15558873116970062
0.20645812153816223 0.5937264561653137 -0.8503597974777222 -0.8838233947753906 -0.49767956137657166 -0.535139799118042
0.8385230898857117 1.0262240171432495 0.5163779258728027 -0.16233420372009277 0.5177817940711975 -1.892698049545288
1.5420739650726318 1.5428434610366821 2.576709508895874 1.5299228429794312 3.1278696060180664 2.6297192573547363
-1.135118842124939 -1.1642850637435913 -0.8305475115776062 1.3751237392425537 -0.731033205986023 0.7672500610351562
0.569436252117157 0.7692870497703552 0.30908656120300293 0.29010432958602905 -0.12960244715213776 -1.4387670755386353
-0.24685458838939667 -0.16909082233905792 0.2379395216703415 0.20128345489501953 -0.10235632210969925 0.7977582216262817
0.5055496692657471 -0.20472228527069092 -1.6687078475952148 -1.6810961961746216 -1.1937885284423828 0.5969210267066956
-0.15786221623420715 -0.658740758895874 0.41624873876571655 1.1487129926681519 0.04071527719497681 1.0653603076934814
-0.22829410433769226 0.377535343170166 -0.21188348531723022 -0.280752032995224 -0.611790657043457 0.16186876595020294
1.12428879737854 1.4226946830749512 0.028054339811205864 -0.3944337069988251 0.5129042267799377 -0.6590396761894226
-2.1654515266418457 -1.5702805519104004 -1.5427460670471191 -1.1208735704421997 -0.9944452047348022 -0.592041552066803
1.300858974456787 1.7685432434082031 -1.2189557552337646 -1.571478009223938 -1.0681345462799072 0.3176177740097046
-0.48950865864753723 -0.8689963221549988 -0.15203757584095 -0.3962589502334595 -0.386385977268219 0.2891937494277954
0.1319766491651535 0.6019995808601379 -0.3383611738681793 -0.8289963603019714 -0.30739304423332214 -0.9816240668296814
0.3854052722454071 0.9049222469329834 0.4476870894432068 0.432882159948349 0.1290060430765152 -1.3129901885986328
-0.193669393658638 -0.36322903633117676 -1.160451889038086 -1.507056474685669 -0.8519428968429565 0.5521601438522339
-0.5137813091278076 -1.2665847539901733 -0.9305920600891113 1.4968791007995605 -1.0589799880981445 0.7988901138305664
-0.7353331446647644 -0.10905411094427109 -0.7665363550186157 -0.5743405222892761 -0.21790237724781036 0.9676761031150818
-0.7810566425323486 -1.235207438468933 -0.7023187279701233 -0.5380209684371948 -0.9045211672782898 -0.3089788556098938
1.1113442182540894 0.3977149426937103 1.4517104625701904 0.9401078224182129 1.649592399597168 -0.5294743776321411
-0.4354650676250458 -0.45217689871788025 -1.0374842882156372 -1.5804260969161987 -0.6268789172172546 0.6114060282707214
0.10470209270715714 -0.3642784357070923 -0.043144408613443375 1.3590682744979858 -0.03496731445193291 1.5503923892974854
1.4591220617294312 1.6029072999954224 -0.6551392674446106 -1.1135536432266235 -0.3359667658805847 0.18930566310882568
0.21976067125797272 0.09626344591379166 0.568672239780426 1.5791704654693604 0.4471350610256195 1.2954298257827759
