0.014529664 0.027900123 0.167677139 0.274237921 0.347803247 0.399699334 0.432557358 0.444906292 0.438357629 0.417525032 0.386134672 0.297659893 0.245267604 0.192993198 0.144504884 0.101809456 0.065871036 0.037383488 0.016815667 0.004282244 0.001036792 0
0.014244957 0.029346263 0.168938131 0.275114392 0.348417122 0.40012444 0.432783544 0.444927921 0.438211888 0.417259337 0.385773666 0.297150376 0.244736907 0.192484879 0.144047128 0.101415389 0.065548215 0.037138161 0.016650524 0.004197832 0.000995024 0
0.01395978 0.030793679 0.170195278 0.275987533 0.349028938 0.400547673 0.433007641 0.444947635 0.438064737 0.41699261 0.385411757 0.296640416 0.244206235 0.191976956 0.143589961 0.101021999 0.065226141 0.036893632 0.016486183 0.004114241 0.000954107 0
0.01367413 0.03224229 0.171448564 0.27685736 0.349638703 0.400969034 0.433229649 0.444965437 0.437916178 0.416724856 0.385048946 0.296130019 0.243675592 0.191469434 0.143133385 0.100629287 0.064904815 0.036649898 0.016322645 0.004031473 0.000914043 0
0.013388005 0.033692012 0.172697974 0.27772389 0.350246422 0.401388519 0.433449566 0.444981333 0.437766218 0.416456076 0.384685234 0.29561919 0.243144982 0.190962315 0.1426774 0.100237254 0.064584238 0.036406962 0.016159909 0.003949528 0.000874831 0
0.013101405 0.035142763 0.173943495 0.278587136 0.350852104 0.401806127 0.433667393 0.444995325 0.437614862 0.416186273 0.384320621 0.295107931 0.242614411 0.190455601 0.142222008 0.099845901 0.06426441 0.036164822 0.015997975 0.003868406 0.000836473 0
0.012814327 0.036594461 0.175185113 0.279447116 0.351455754 0.402221855 0.433883128 0.44500742 0.437462114 0.415915448 0.383955109 0.294596249 0.242083883 0.189949295 0.141767211 0.099455229 0.063945333 0.03592348 0.015836843 0.003788108 0.000798968 0
0.01252677 0.038047026 0.176422815 0.280303844 0.35205738 0.402635701 0.434096771 0.44501762 0.437307979 0.415643605 0.383588698 0.294084148 0.241553401 0.189443401 0.141313008 0.099065237 0.063627005 0.035682935 0.015676514 0.003708635 0.000762318 0
0.012238732 0.039500376 0.17765659 0.281157337 0.352656988 0.403047664 0.434308321 0.44502593 0.437152463 0.415370745 0.383221389 0.293571631 0.241022971 0.18893792 0.140859401 0.098675928 0.06330943 0.035443188 0.015516987 0.003629987 0.000726522 0
0.011950213 0.04095443 0.178886426 0.28200761 0.353254585 0.403457741 0.434517778 0.445032354 0.43699557 0.41509687 0.382853181 0.293058704 0.240492598 0.188432855 0.140406392 0.098287301 0.062992605 0.035204238 0.015358262 0.003552164 0.000691582 0
0.01166121 0.04240911 0.180112311 0.282854678 0.353850177 0.403865929 0.434725141 0.445036898 0.436837305 0.414821983 0.382484077 0.29254537 0.239962284 0.18792821 0.139953982 0.097899357 0.062676534 0.034966087 0.01520034 0.003475167 0.000657498 0
0.011371722 0.043864336 0.181334235 0.283698558 0.35444377 0.404272227 0.434930409 0.445039564 0.436677673 0.414546085 0.382114077 0.292031635 0.239432036 0.187423986 0.139502171 0.097512097 0.062361216 0.034728735 0.015043219 0.003398997 0.00062427 0
0.011081749 0.045320028 0.182552189 0.284539265 0.35503537 0.404676631 0.435133583 0.445040358 0.43651668 0.414269179 0.381743181 0.291517503 0.238901856 0.186920186 0.139050961 0.097125522 0.062046651 0.034492181 0.014886901 0.003323655 0.000591899 0
0.010791287 0.046776109 0.183766164 0.285376814 0.355624984 0.405079141 0.435334662 0.445039284 0.436354329 0.413991267 0.381371391 0.291002978 0.238371751 0.186416813 0.138600353 0.096739632 0.061732841 0.034256426 0.014731385 0.00324914 0.000560385 0
0.010500337 0.048232499 0.18497615 0.286211222 0.356212616 0.405479753 0.435533645 0.445036347 0.436190626 0.413712351 0.380998707 0.290488065 0.237841723 0.185913869 0.138150348 0.096354428 0.061419786 0.03402147 0.014576671 0.003175453 0.000529729 0
0.010208896 0.049689122 0.186182139 0.287042505 0.356798273 0.405878465 0.435730533 0.445031551 0.436025575 0.413432433 0.380625129 0.289972769 0.237311778 0.185411358 0.137700947 0.095969911 0.061107487 0.033787313 0.014422759 0.003102596 0.000499932 0
0.009916964 0.051145902 0.187384124 0.287870676 0.357381961 0.406275275 0.435925325 0.445024901 0.435859182 0.413151514 0.380250659 0.289457093 0.236781919 0.184909281 0.137252151 0.095586082 0.060795945 0.033553955 0.014269649 0.003030568 0.000470993 0
0.009624539 0.05260276 0.188582098 0.288695753 0.357963684 0.40667018 0.436118022 0.445016401 0.435691452 0.412869597 0.379875297 0.288941043 0.236252152 0.18440764 0.136803962 0.09520294 0.060485159 0.033321397 0.014117342 0.00295937 0.000442913 0
0.009331619 0.054059623 0.189776054 0.289517752 0.358543448 0.407063178 0.436308622 0.445006056 0.435522388 0.412586684 0.379499044 0.288424624 0.23572248 0.183906439 0.13635638 0.094820488 0.060175131 0.033089639 0.013965837 0.002889002 0.000415693 0
0.009038204 0.055516414 0.190965987 0.290336686 0.359121258 0.407454266 0.436497126 0.44499387 0.435351996 0.412302776 0.379121901 0.287907839 0.235192907 0.183405681 0.135909406 0.094438726 0.059865861 0.032858681 0.013815133 0.002819466 0.000389333 0
0.008744292 0.056973058 0.192151891 0.291152573 0.359697119 0.407843442 0.436683534 0.444979849 0.43518028 0.412017876 0.378743868 0.287390693 0.234663439 0.182905366 0.135463041 0.094057653 0.059557349 0.032628523 0.013665232 0.002750762 0.000363834 0
0.008449882 0.058429483 0.19333376 0.291965427 0.360271037 0.408230703 0.436867847 0.444963996 0.435007245 0.411731985 0.378364946 0.286873192 0.234134079 0.182405498 0.135017287 0.093677272 0.059249598 0.032399165 0.013516134 0.00268289 0.000339195 0
0.008154973 0.059885614 0.194511591 0.292775264 0.360843016 0.408616047 0.437050063 0.444946317 0.434832897 0.411445104 0.377985137 0.286355339 0.233604831 0.18190608 0.134572145 0.093297583 0.058942606 0.032170607 0.013367837 0.002615851 0.000315418 0
0.007859563 0.061341378 0.19568538 0.2935821 0.361413061 0.408999471 0.437230184 0.444926817 0.434657238 0.411157237 0.37760444 0.285837139 0.2330757 0.181407113 0.134127615 0.092918586 0.058636375 0.03194285 0.013220343 0.002549646 0.000292502 0
0.007563652 0.062796703 0.196855122 0.29438595 0.361981176 0.409380972 0.437408209 0.4449055 0.434480275 0.410868384 0.377222857 0.285318597 0.23254669 0.1809086 0.133683699 0.092540282 0.058330906 0.031715894 0.013073651 0.002484275 0.000270449 0
0.007267238 0.064251518 0.198020816 0.295186829 0.362547365 0.409760549 0.43758414 0.444882371 0.434302011 0.410578548 0.376840389 0.284799718 0.232017805 0.180410544 0.133240397 0.092162672 0.058026198 0.031489739 0.012927762 0.002419738 0.000249257 0
0.006970321 0.065705751 0.199182459 0.295984753 0.363111634 0.410138199 0.437757975 0.444857434 0.434122452 0.41028773 0.376457035 0.284280506 0.23148905 0.179912946 0.13279771 0.091785757 0.057722253 0.031264385 0.012782674 0.002356037 0.000228929 0
0.006672898 0.067159332 0.200340049 0.296779737 0.363673987 0.410513918 0.437929717 0.444830696 0.433941601 0.409995931 0.376072798 0.283760965 0.230960428 0.17941581 0.132355641 0.091409537 0.057419071 0.031039832 0.012638389 0.002293172 0.000209463 0
0.00637497 0.068612192 0.201493584 0.297571796 0.364234427 0.410887704 0.438099364 0.444802159 0.433759464 0.409703154 0.375687677 0.283241101 0.230431945 0.178919136 0.131914188 0.091034013 0.057116652 0.03081608 0.012494907 0.002231144 0.000190861 0
0.006076535 0.070064261 0.202643063 0.298360945 0.364792958 0.411259555 0.438266918 0.444771831 0.433576045 0.4094094 0.375301674 0.282720918 0.229903603 0.178422928 0.131473355 0.090659186 0.056814998 0.03059313 0.012352227 0.002169953 0.000173122 0
0.005777591 0.07151547 0.203788485 0.2991472 0.365349585 0.411629469 0.438432379 0.444739715 0.433391348 0.40911467 0.37491479 0.282200421 0.229375407 0.177927189 0.13103314 0.090285056 0.056514109 0.030370981 0.01221035 0.002109599 0.000156247 0
0.005478139 0.072965753 0.204929851 0.299930575 0.365904311 0.411997441 0.438595748 0.444705816 0.433205378 0.408818967 0.374527025 0.281679615 0.228847361 0.177431919 0.130593546 0.089911625 0.056213985 0.030149634 0.012069275 0.002050084 0.000140237 0
0.005178177 0.074415042 0.206067161 0.300711086 0.36645714 0.41236347 0.438757026 0.444670139 0.43301814 0.408522291 0.37413838 0.281158503 0.22831947 0.176937122 0.130154574 0.089538892 0.055914627 0.029929089 0.011929003 0.001991409 0.00012509 0
0.004877704 0.075863271 0.207200415 0.301488747 0.367008075 0.412727554 0.438916212 0.44463269 0.432829637 0.408224645 0.373748857 0.280637092 0.227791737 0.176442799 0.129716223 0.089166859 0.055616036 0.029709346 0.011789533 0.001933572 0.000110809 0
0.004576719 0.077310373 0.208329615 0.302263574 0.367557121 0.413089689 0.439073309 0.444593472 0.432639874 0.407926029 0.373358455 0.280115385 0.227264167 0.175948953 0.129278496 0.088795526 0.055318212 0.029490405 0.011650866 0.001876576 9.73919E-05 0
0.004275221 0.078756285 0.209454762 0.303035581 0.368104279 0.413449872 0.439228316 0.444552493 0.432448855 0.407626446 0.372967176 0.279593388 0.226736763 0.175455586 0.128841393 0.088424894 0.055021156 0.029272265 0.011513003 0.001820421 8.484E-05 0
0.00397321 0.080200941 0.210575858 0.303804783 0.368649553 0.413808102 0.439381236 0.444509755 0.432256585 0.407325897 0.372575021 0.279071104 0.22620953 0.1749627 0.128404916 0.088054963 0.054724868 0.029054928 0.011375942 0.001765108 7.31533E-05 0
0.003670685 0.081644278 0.211692906 0.304571195 0.369192947 0.414164375 0.439532067 0.444465265 0.432063069 0.407024383 0.372181991 0.278548539 0.225682472 0.174470298 0.127969064 0.087685736 0.054429349 0.028838394 0.011239684 0.001710636 6.23319E-05 0
0.003367644 0.083086233 0.212805908 0.30533483 0.369734464 0.414518689 0.439680813 0.444419027 0.431868309 0.406721906 0.371788086 0.278025698 0.225155592 0.17397838 0.12753384 0.087317211 0.054134599 0.028622661 0.011104229 0.001657007 5.2376E-05 0
0.003064088 0.084526745 0.213914867 0.306095705 0.370274105 0.414871041 0.439827473 0.444371047 0.431672311 0.406418467 0.371393308 0.277502585 0.224628895 0.173486951 0.127099243 0.08694939 0.05384062 0.028407732 0.010969577 0.001604222 4.32857E-05 0
0.002760015 0.085965751 0.215019788 0.306853833 0.370811875 0.415221429 0.439972049 0.44432133 0.431475079 0.406114067 0.370997657 0.276979205 0.224102385 0.172996011 0.126665275 0.086582273 0.053547411 0.028193604 0.010835729 0.00155228 3.5061E-05 0
0.002455425 0.087403191 0.216120673 0.307609228 0.371347775 0.415569849 0.440114542 0.44426988 0.431276617 0.405808709 0.370601135 0.276455563 0.223576065 0.172505562 0.126231937 0.086215862 0.053254973 0.02798028 0.010702684 0.001501183 2.77021E-05 0
0.002150316 0.088839004 0.217217527 0.308361906 0.371881809 0.4159163 0.440254953 0.444216704 0.43107693 0.405502392 0.370203742 0.275931663 0.22304994 0.172015608 0.125799229 0.085850156 0.052963307 0.027767758 0.010570443 0.001450931 2.1209E-05 0
0.001844689 0.090273133 0.218310356 0.309111879 0.372413978 0.416260778 0.440393284 0.444161805 0.43087602 0.40519512 0.369805479 0.27540751 0.222524013 0.171526149 0.125367153 0.085485158 0.052672413 0.027556039 0.010439005 0.001401524 1.55818E-05 0
0.001538543 0.091705517 0.219399164 0.309859163 0.372944285 0.41660328 0.440529535 0.44410519 0.430673893 0.404886892 0.369406348 0.27488311 0.221998289 0.171037187 0.124935709 0.085120866 0.052382291 0.027345122 0.010308371 0.001352965 1.08204E-05 0
0.001231876 0.0931361 0.220483955 0.310603771 0.373472732 0.416943806 0.440663709 0.444046863 0.430470553 0.40457771 0.36900635 0.274358466 0.221472771 0.170548726 0.124504899 0.084757283 0.052092943 0.027135009 0.010178541 0.001305252 6.92482E-06 0
0.000924689 0.094564824 0.221564737 0.311345717 0.373999322 0.41728235 0.440795806 0.443986829 0.430266003 0.404267575 0.368605485 0.273833583 0.220947463 0.170060766 0.124074722 0.084394408 0.051804369 0.026925698 0.010049515 0.001258386 3.89507E-06 0
0.000616981 0.095991633 0.222641515 0.312085015 0.374524056 0.417618912 0.440925829 0.443925095 0.430060248 0.40395649 0.368203754 0.273308467 0.220422369 0.16957331 0.123645181 0.084032242 0.051516569 0.026717191 0.009921293 0.001212369 1.73107E-06 0
0.000308752 0.097416472 0.223714296 0.312821679 0.375046937 0.417953488 0.441053778 0.443861665 0.429853291 0.403644454 0.367801159 0.272783122 0.219897494 0.16908636 0.123216275 0.083670787 0.051229545 0.026509486 0.009793875 0.0011672 4.32747E-07 0
0 0.098839286 0.224783086 0.313555722 0.375567965 0.418286076 0.441179655 0.443796544 0.429645137 0.403331469 0.3673977 0.272257552 0.21937284 0.168599917 0.122788006 0.083310043 0.050943295 0.026302585 0.009667262 0.001122881 0 0
0.021640603 0.022766618 0.163704939 0.271990688 0.347802813 0.401845968 0.436383423 0.44993348 0.444095401 0.423310728 0.391273632 0.301370512 0.249163862 0.197410272 0.149154093 0.106129924 0.069549286 0.04044387 0.019210561 0.005611353 0.001685154 50
0.021346548 0.024223463 0.164979569 0.272887948 0.348439647 0.402290407 0.436623876 0.449964831 0.443953743 0.423041715 0.390903705 0.30085948 0.248637761 0.196906614 0.148695785 0.105730286 0.069219844 0.040192673 0.0190372 0.005514009 0.001630042 50
0.021051741 0.025681592 0.166250418 0.273781936 0.349074408 0.402732923 0.436862192 0.44999422 0.443810605 0.422771598 0.390532846 0.300348082 0.24811172 0.196403321 0.148238004 0.105331294 0.068891157 0.039942271 0.018864597 0.005417456 0.001575801 50
0.020756179 0.027140922 0.167517471 0.274672666 0.349707102 0.403173516 0.437098373 0.45002165 0.443665993 0.422500379 0.390161058 0.299836324 0.247585742 0.195900394 0.147780753 0.10493295 0.068563224 0.039692663 0.01869275 0.005321696 0.001522434 50
0.020459859 0.028601371 0.168780715 0.275560153 0.350337737 0.403612183 0.437332415 0.450047126 0.443519912 0.422228061 0.38978834 0.299324208 0.247059832 0.195397836 0.147324032 0.104535253 0.068236048 0.039443849 0.01852166 0.005226729 0.001469941 50
0.020162781 0.030062856 0.170040136 0.276444413 0.350966318 0.404048921 0.43756432 0.450070651 0.443372365 0.421954646 0.389414696 0.298811741 0.246533994 0.194895649 0.146867843 0.104138206 0.067909628 0.039195829 0.018351325 0.005132557 0.001418324 50
0.01986494 0.031525295 0.171295721 0.27732546 0.351592852 0.404483729 0.437794086 0.45009223 0.443223359 0.421680137 0.389040126 0.298298925 0.246008231 0.194393835 0.146412187 0.103741809 0.067583966 0.038948604 0.018181747 0.005039181 0.001367585 50
0.019566335 0.032988607 0.172547459 0.27820331 0.352217344 0.404916605 0.438021713 0.450111868 0.443072897 0.421404536 0.388664631 0.297785766 0.245482547 0.193892396 0.145957066 0.103346064 0.067259063 0.038702172 0.018012924 0.004946603 0.001317727 50
0.019266963 0.034452711 0.173795337 0.279077977 0.352839801 0.405347545 0.4382472 0.450129567 0.442920984 0.421127845 0.388288213 0.297272267 0.244956945 0.193391335 0.145502479 0.102950971 0.066934919 0.038456534 0.017844856 0.004854824 0.00126875 50
0.018966822 0.035917527 0.175039344 0.279949477 0.353460229 0.405776549 0.438470547 0.450145333 0.442767626 0.420850067 0.387910874 0.296758433 0.244431431 0.192890653 0.14504843 0.102556533 0.066611534 0.03821169 0.017677543 0.004763844 0.001220657 50
0.018665909 0.037382974 0.17627947 0.280817824 0.354078633 0.406203613 0.438691754 0.450159169 0.442612827 0.420571205 0.387532615 0.296244268 0.243906006 0.192390352 0.144594918 0.10216275 0.066288911 0.037967639 0.017510984 0.004673667 0.001173449 50
0.018364223 0.038848974 0.177515705 0.281683034 0.354695019 0.406628735 0.438910819 0.45017108 0.442456591 0.42029126 0.387153437 0.295729778 0.243380676 0.191890436 0.144141946 0.101769623 0.06596705 0.037724381 0.017345179 0.004584292 0.001127127 50
0.018061761 0.040315447 0.17874804 0.282545121 0.355309392 0.407051913 0.439127744 0.45018107 0.442298924 0.420010235 0.386773342 0.295214965 0.242855443 0.191390905 0.143689513 0.101377153 0.065645951 0.037481916 0.017180129 0.004495722 0.001081695 50
0.017758521 0.041782315 0.179976466 0.283404101 0.355921758 0.407473144 0.439342526 0.450189144 0.44213983 0.419728132 0.386392331 0.294699835 0.242330311 0.190891761 0.143237623 0.100985343 0.065325615 0.037240244 0.017015832 0.004407957 0.001037152 50
0.0174545 0.043249499 0.181200974 0.284259988 0.356532122 0.407892426 0.439555167 0.450195305 0.441979313 0.419444954 0.386010406 0.294184391 0.241805285 0.190393008 0.142786275 0.100594192 0.065006043 0.036999365 0.016852289 0.004320999 0.000993502 50
0.017149698 0.044716924 0.182421558 0.285112798 0.35714049 0.408309757 0.439765666 0.450199559 0.441817378 0.419160702 0.385627568 0.293668639 0.241280368 0.189894647 0.142335471 0.100203702 0.064687236 0.036759278 0.016689498 0.00423485 0.000950746 50
0.016844111 0.046184512 0.183638208 0.285962545 0.357746865 0.408725134 0.439974023 0.450201909 0.441654031 0.418875379 0.385243818 0.293152583 0.240755562 0.189396679 0.141885212 0.099813875 0.064369195 0.036519983 0.016527461 0.004149511 0.000908885 50
0.016537737 0.047652186 0.18485092 0.286809244 0.358351254 0.409138554 0.440180238 0.450202361 0.441489275 0.418588987 0.384859159 0.292636226 0.240230873 0.188899108 0.1414355 0.09942471 0.06405192 0.036281481 0.016366177 0.004064983 0.000867921 50
0.016230576 0.049119872 0.186059687 0.287652911 0.35895366 0.409550015 0.440384311 0.450200917 0.441323115 0.418301528 0.384473592 0.292119574 0.239706304 0.188401934 0.140986335 0.099036211 0.063735412 0.03604377 0.016205644 0.003981269 0.000827856 50
0.015922624 0.050587494 0.187264504 0.28849356 0.359554089 0.409959515 0.440586242 0.450197584 0.441155555 0.418013005 0.384087117 0.291602631 0.239181858 0.187905161 0.140537719 0.098648377 0.063419672 0.03580685 0.016045865 0.003898368 0.000788692 50
0.015613881 0.052054978 0.188465364 0.289331206 0.360152545 0.410367051 0.440786031 0.450192365 0.440986601 0.417723419 0.383699737 0.291085401 0.238657538 0.187408789 0.140089652 0.09826121 0.063104701 0.035570722 0.015886837 0.003816284 0.00075043 50
0.015304343 0.05352225 0.189662264 0.290165863 0.360749033 0.410772621 0.440983678 0.450185266 0.440816256 0.417432773 0.383311453 0.290567888 0.238133349 0.186912821 0.139642138 0.097874711 0.062790498 0.035335384 0.015728561 0.003735017 0.000713071 50
0.01499401 0.054989237 0.1908552 0.290997547 0.361343556 0.411176221 0.441179184 0.450176289 0.440644526 0.417141068 0.382922267 0.290050097 0.237609294 0.186417259 0.139195175 0.097488882 0.062477066 0.035100837 0.015571037 0.00365457 0.000676619 50
0.01468288 0.056455866 0.192044168 0.291826273 0.361936119 0.411577849 0.441372548 0.450165441 0.440471414 0.416848308 0.38253218 0.289532033 0.237085377 0.185922105 0.138748766 0.097103722 0.062164405 0.034867081 0.015414265 0.003574942 0.000641073 50
0.014370951 0.057922066 0.193229164 0.292652054 0.362526727 0.411977504 0.441563771 0.450152726 0.440296925 0.416554493 0.382141193 0.2890137 0.2365616 0.185427361 0.138302911 0.096719235 0.061852514 0.034634114 0.015258244 0.003496137 0.000606436 50
0.014058221 0.059387765 0.194410187 0.293474907 0.363115382 0.412375181 0.441752853 0.450138148 0.440121064 0.416259626 0.381749309 0.288495101 0.236037968 0.184933028 0.137857613 0.09633542 0.061541396 0.034401938 0.015102974 0.003418156 0.000572709 50
0.01374469 0.060852892 0.195587233 0.294294844 0.363702089 0.412770879 0.441939795 0.450121712 0.439943835 0.415963709 0.381356529 0.287976243 0.235514484 0.184439108 0.137412871 0.095952279 0.061231051 0.034170551 0.014948456 0.003341 0.000539894 50
0.013430354 0.062317378 0.196760302 0.295111881 0.364286852 0.413164594 0.442124598 0.450103423 0.439765242 0.415666744 0.380962853 0.287457128 0.234991152 0.183945604 0.136968688 0.095569813 0.060921479 0.033939953 0.014794689 0.003264671 0.000507993 50
0.013115214 0.063781153 0.197929391 0.295926033 0.364869674 0.413556325 0.442307261 0.450083286 0.439585289 0.415368733 0.380568285 0.286937762 0.234467975 0.183452517 0.136525064 0.095188023 0.060612681 0.033710144 0.014641673 0.00318917 0.000477007 50
0.012799267 0.065244149 0.199094501 0.296737313 0.365450559 0.413946069 0.442487785 0.450061304 0.439403982 0.415069677 0.380172826 0.286418148 0.233944955 0.182959848 0.136082001 0.094806911 0.060304657 0.033481123 0.014489407 0.003114499 0.000446937 50
0.012482513 0.066706298 0.20025563 0.297545736 0.36602951 0.414333823 0.442666172 0.450037483 0.439221324 0.41476958 0.379776476 0.285898292 0.233422098 0.182467601 0.1356395 0.094426478 0.059997409 0.033252891 0.014337893 0.003040661 0.000417786 50
0.012164949 0.068167532 0.20141278 0.298351317 0.36660653 0.414719583 0.44284242 0.450011828 0.43903732 0.414468442 0.379379238 0.285378197 0.232899406 0.181975777 0.135197562 0.094046724 0.059690937 0.033025446 0.014187129 0.002967655 0.000389554 50
0.011846575 0.069627785 0.202565949 0.29915407 0.367181623 0.415103349 0.443016533 0.449984344 0.438851974 0.414166266 0.378981114 0.284857868 0.232376883 0.181484377 0.134756187 0.093667651 0.059385241 0.032798789 0.014037117 0.002895485 0.000362243 50
0.011527389 0.071086991 0.203715139 0.299954008 0.367754791 0.415485117 0.443188509 0.449955034 0.43866529 0.413863053 0.378582104 0.28433731 0.231854531 0.180993403 0.134315378 0.09328926 0.059080323 0.032572919 0.013887855 0.002824151 0.000335855 50
0.011207391 0.072545085 0.204860352 0.300751147 0.368326038 0.415864884 0.44335835 0.449923905 0.438477272 0.413558806 0.378182211 0.283816526 0.231332355 0.180502858 0.133875136 0.092911552 0.058776182 0.032347837 0.013739343 0.002753655 0.000310391 50
0.010886579 0.074002003 0.206001588 0.3015455 0.368895367 0.416242647 0.443526057 0.44989096 0.438287925 0.413253526 0.377781437 0.283295522 0.230810358 0.180012742 0.133435461 0.092534529 0.05847282 0.03212354 0.013591583 0.002684 0.000285852 50
0.010564951 0.07545768 0.207138851 0.302337081 0.36946278 0.416618405 0.443691631 0.449856205 0.438097253 0.412947215 0.377379782 0.282774301 0.230288543 0.179523058 0.132996355 0.092158191 0.058170237 0.03190003 0.013444573 0.002615186 0.00026224 50
0.010242508 0.076912055 0.208272142 0.303125904 0.370028279 0.416992155 0.443855072 0.449819645 0.43790526 0.412639875 0.376977249 0.282252868 0.229766913 0.179033807 0.132557819 0.09178254 0.057868433 0.031677305 0.013298314 0.002547216 0.000239557 50
0.009919248 0.078365064 0.209401465 0.303911983 0.370591868 0.417363893 0.444016382 0.449781284 0.43771195 0.412331508 0.376573839 0.281731228 0.229245472 0.178544992 0.132119854 0.091407577 0.057567409 0.031455365 0.013152806 0.002480091 0.000217803 50
0.009595171 0.079816645 0.210526823 0.304695332 0.371153549 0.417733617 0.444175562 0.449741127 0.437517328 0.412022115 0.376169554 0.281209384 0.228724222 0.178056613 0.131682462 0.091033302 0.057267166 0.031234211 0.013008049 0.002413813 0.00019698 50
0.009270275 0.08126674 0.211648219 0.305475964 0.371713324 0.418101325 0.444332613 0.449699179 0.437321397 0.411711699 0.375764396 0.280687342 0.228203168 0.177568673 0.131245643 0.090659718 0.056967704 0.031013841 0.012864043 0.002348383 0.000177089 50
0.008944559 0.082715286 0.212765657 0.306253893 0.372271196 0.418467013 0.444487536 0.449655446 0.437124161 0.41140026 0.375358366 0.280165105 0.227682312 0.177081173 0.130809398 0.090286825 0.056669024 0.030794255 0.012720788 0.002283804 0.000158132 50
0.008618024 0.084162225 0.213879142 0.307029133 0.372827166 0.41883068 0.444640333 0.449609931 0.436925625 0.411087802 0.374951467 0.279642678 0.227161658 0.176594116 0.13037373 0.089914625 0.056371126 0.030575453 0.012578284 0.002220076 0.00014011 50
0.008290667 0.085607499 0.214988679 0.307801697 0.373381236 0.419192322 0.444791005 0.449562641 0.436725792 0.410774325 0.374543699 0.279120066 0.226641209 0.176107502 0.129938638 0.089543118 0.056074011 0.030357434 0.012436531 0.002157202 0.000123024 50
0.007962489 0.087051049 0.216094271 0.308571598 0.373933409 0.419551938 0.444939552 0.449513579 0.436524667 0.410459831 0.374135065 0.278597272 0.226120968 0.175621333 0.129504125 0.089172306 0.055777678 0.030140199 0.01229553 0.002095184 0.000106876 50
0.00763349 0.088492819 0.217195926 0.30933885 0.374483686 0.419909524 0.445085977 0.449462752 0.436322253 0.410144323 0.373725567 0.278074301 0.225600938 0.175135612 0.129070191 0.088802189 0.05548213 0.029923745 0.012155281 0.002034023 9.16658E-05 50
0.007303668 0.089932752 0.218293648 0.310103466 0.375032069 0.420265078 0.445230282 0.449410163 0.436118555 0.409827801 0.373315206 0.277551157 0.225081122 0.174650339 0.128636837 0.08843277 0.055187366 0.029708074 0.012015783 0.00197372 7.73956E-05 50
0.006973023 0.091370792 0.219387443 0.310865459 0.37557856 0.420618597 0.445372466 0.449355819 0.435913576 0.409510267 0.372903984 0.277027846 0.224561524 0.174165516 0.128204065 0.088064049 0.054893386 0.029493184 0.011877038 0.001914279 6.40662E-05 50
0.006641555 0.092806886 0.220477319 0.311624842 0.37612316 0.420970078 0.445512533 0.449299723 0.435707321 0.409191724 0.372491903 0.27650437 0.224042147 0.173681146 0.127771876 0.087696027 0.054600192 0.029279076 0.011739045 0.0018557 5.16788E-05 50
0.006309263 0.094240978 0.22156328 0.312381628 0.376665871 0.42131952 0.445650484 0.449241881 0.435499792 0.408872172 0.372078964 0.275980735 0.223522993 0.173197228 0.12734027 0.087328705 0.054307783 0.029065749 0.011601804 0.001797985 4.02345E-05 50
0.02679963 0.021855325 0.164655458 0.273501267 0.350728153 0.40591856 0.440932795 0.454982783 0.450084498 0.430214031 0.398436903 0.307580683 0.254974519 0.202791532 0.153776002 0.109705181 0.072136568 0.042320267 0.020503392 0.006216391 0.001937451 100
0.026497494 0.023359252 0.165933166 0.274409491 0.351379738 0.406370463 0.441176741 0.455021477 0.449953381 0.429951518 0.398065626 0.307064823 0.254444874 0.202282218 0.15330821 0.109294749 0.071798594 0.042063103 0.020323829 0.006111814 0.001875964 100
0.026194464 0.024863638 0.167207032 0.275314554 0.352029212 0.406820366 0.441418557 0.455058261 0.449820783 0.429687828 0.397693348 0.306548618 0.253915286 0.201773231 0.152840914 0.10888497 0.071461407 0.041806748 0.020145008 0.006008033 0.001815378 100
0.025890538 0.026368406 0.168477044 0.276216469 0.352676579 0.407268268 0.441658245 0.45509314 0.449686708 0.429422963 0.397320069 0.306032072 0.25338576 0.201264574 0.152374117 0.108475845 0.071125005 0.0415512 0.019966928 0.005905049 0.001755694 100
0.025585715 0.027873479 0.169743195 0.27711525 0.353321844 0.407714167 0.441895804 0.455126117 0.44955116 0.429156927 0.396945792 0.305515191 0.252856298 0.200756249 0.151907819 0.108067378 0.070789392 0.041296459 0.01978959 0.005802865 0.001696914 100
0.025279991 0.029378782 0.171005477 0.278010911 0.353965014 0.408158061 0.442131234 0.455157197 0.449414142 0.42888972 0.396570519 0.304997977 0.252326905 0.200248257 0.151442022 0.107659568 0.070454566 0.041042525 0.019612992 0.005701481 0.001639041 100
0.024973363 0.030884239 0.172263882 0.278903466 0.354606092 0.40859995 0.442364536 0.455186384 0.449275659 0.428621345 0.396194251 0.304480437 0.251797582 0.1997406 0.150976728 0.107252418 0.07012053 0.040789397 0.019437135 0.005600901 0.001582077 100
0.024665831 0.032389774 0.173518402 0.279792929 0.355245083 0.40903983 0.442595711 0.45521368 0.449135714 0.428351803 0.39581699 0.303962573 0.251268334 0.199233282 0.150511938 0.106845929 0.069787284 0.040537075 0.019262018 0.005501125 0.001526023 100
0.02435739 0.033895314 0.174769032 0.280679314 0.355881993 0.409477701 0.442824758 0.455239092 0.448994312 0.428081098 0.395438738 0.303444391 0.250739164 0.198726302 0.150047653 0.106440103 0.069454828 0.040285558 0.019087641 0.005402156 0.001470882 100
0.02404804 0.035400784 0.176015766 0.281562634 0.356516827 0.40991356 0.443051678 0.455262621 0.448851455 0.42780923 0.395059498 0.302925894 0.250210076 0.198219665 0.149583876 0.106034942 0.069123165 0.040034845 0.018914003 0.005303995 0.001416657 100
0.023737777 0.036906112 0.177258596 0.282442904 0.357149588 0.410347406 0.443276471 0.455284274 0.44870715 0.427536203 0.39467927 0.302407087 0.249681072 0.19771337 0.149120608 0.105630446 0.068792293 0.039784937 0.018741103 0.005206644 0.001363349 100
0.0234266 0.038411225 0.17849752 0.283320136 0.357780281 0.410779238 0.443499138 0.455304052 0.448561398 0.427262017 0.394298057 0.301887974 0.249152156 0.197207421 0.14865785 0.105226618 0.068462216 0.039535833 0.018568942 0.005110105 0.00131096 100
0.023114507 0.039916051 0.179732531 0.284194346 0.358408911 0.411209052 0.44371968 0.455321962 0.448414204 0.426986675 0.393915861 0.30136856 0.248623332 0.19670182 0.148195604 0.104823459 0.068132932 0.039287531 0.018397519 0.00501438 0.001259492 100
0.022801495 0.041420519 0.180963626 0.285065546 0.359035482 0.411636848 0.443938097 0.455338006 0.448265572 0.426710179 0.393532684 0.30084885 0.248094602 0.196196567 0.147733872 0.10442097 0.067804443 0.039040033 0.018226834 0.00491947 0.001208947 100
0.022487563 0.042924558 0.182190801 0.28593375 0.359659998 0.412062623 0.444154389 0.455352189 0.448115505 0.42643253 0.393148527 0.300328846 0.24756597 0.195691666 0.147272654 0.104019154 0.067476749 0.038793336 0.018056887 0.004825379 0.001159329 100
0.022172709 0.044428098 0.183414053 0.286798973 0.360282463 0.412486376 0.444368558 0.455364515 0.447964008 0.426153731 0.392763393 0.299808554 0.247037439 0.195187118 0.146811953 0.103618011 0.067149852 0.038547441 0.017887677 0.004732107 0.001110637 100
0.021856931 0.04593107 0.184633379 0.287661226 0.360902881 0.412908106 0.444580603 0.455374989 0.447811084 0.425873784 0.392377283 0.299287978 0.246509013 0.194682924 0.146351769 0.103217544 0.066823751 0.038302347 0.017719203 0.004639656 0.001062875 100
0.021540226 0.047433405 0.185848776 0.288520525 0.361521256 0.413327809 0.444790527 0.455383614 0.447656737 0.42559269 0.3919902 0.298767123 0.245980694 0.194179088 0.145892106 0.102817753 0.066498449 0.038058053 0.017551467 0.004548029 0.001016045 100
0.021222594 0.048935035 0.187060243 0.289376883 0.362137593 0.413745484 0.444998329 0.455390394 0.44750097 0.425310452 0.391602146 0.298245992 0.245452487 0.19367561 0.145432963 0.102418641 0.066173945 0.037814559 0.017384467 0.004457227 0.000970148 100
0.020904033 0.050435893 0.188267778 0.290230313 0.362751893 0.41416113 0.445204011 0.455395334 0.447343788 0.425027071 0.391213121 0.29772459 0.244924393 0.193172493 0.144974343 0.102020208 0.06585024 0.037571864 0.017218203 0.004367253 0.000925187 100
0.020584541 0.051935912 0.189471379 0.291080828 0.363364162 0.414574744 0.445407573 0.455398438 0.447185194 0.424742549 0.39082313 0.297202921 0.244396416 0.192669738 0.144516247 0.101622457 0.065527334 0.037329967 0.017052675 0.004278108 0.000881163 100
0.020264116 0.053435026 0.190671048 0.291928442 0.363974402 0.414986325 0.445609017 0.45539971 0.447025192 0.424456888 0.390432172 0.29668099 0.24386856 0.192167348 0.144058677 0.101225389 0.065205229 0.037088869 0.016887883 0.004189795 0.000838078 100
0.019942758 0.054933169 0.191866782 0.292773168 0.364582617 0.415395871 0.445808342 0.455399155 0.446863785 0.42417009 0.390040252 0.2961588 0.243340827 0.191665323 0.143601635 0.100829005 0.064883926 0.036848568 0.016723827 0.004102315 0.000795935 100
0.019620464 0.056430278 0.193058583 0.29361502 0.365188811 0.41580338 0.446005551 0.455396776 0.446700977 0.423882156 0.38964737 0.295636357 0.242813221 0.191163667 0.14314512 0.100433307 0.064563423 0.036609063 0.016560507 0.00401567 0.000754735 100
0.019297234 0.057926288 0.19424645 0.294454011 0.365792985 0.416208849 0.446200645 0.455392578 0.446536772 0.423593089 0.389253528 0.295113664 0.242285745 0.19066238 0.142689137 0.100038297 0.064243724 0.036370355 0.016397922 0.003929864 0.00071448 100
0.018973065 0.059421136 0.195430385 0.295290153 0.366395144 0.416612278 0.446393624 0.455386566 0.446371173 0.42330289 0.38885873 0.294590726 0.241758402 0.190161465 0.142233685 0.099643976 0.063924827 0.036132442 0.016236072 0.003844897 0.000675171 100
0.018647958 0.06091476 0.196610389 0.296123461 0.366995291 0.417013664 0.44658449 0.455378743 0.446204184 0.423011562 0.388462976 0.294067548 0.241231194 0.189660924 0.141778767 0.099250345 0.063606733 0.035895324 0.016074957 0.003760771 0.000636812 100
0.01832191 0.062407098 0.197786464 0.296953946 0.367593427 0.417413006 0.446773243 0.455369114 0.446035808 0.422719105 0.388066269 0.293544132 0.240704126 0.189160757 0.141324383 0.098857406 0.063289444 0.035659 0.015914578 0.00367749 0.000599403 100
0.01799492 0.063898088 0.198958612 0.297781623 0.368189557 0.417810301 0.446959886 0.455357683 0.44586605 0.422425522 0.387668612 0.293020484 0.2401772 0.188660968 0.140870536 0.098465161 0.06297296 0.03542347 0.015754933 0.003595054 0.000562946 100
0.017666989 0.065387671 0.200126834 0.298606503 0.368783683 0.418205548 0.447144419 0.455344455 0.445694912 0.422130815 0.387270005 0.292496608 0.239650419 0.188161557 0.140417228 0.098073611 0.06265728 0.035188732 0.015596024 0.003513467 0.000527443 100
0.017338114 0.066875787 0.201291135 0.2994286 0.369375807 0.418598744 0.447326844 0.455329433 0.445522398 0.421834985 0.386870452 0.291972508 0.239123786 0.187662527 0.139964458 0.097682757 0.062342406 0.034954786 0.01543785 0.003432729 0.000492897 100
0.017008294 0.068362377 0.202451516 0.300247927 0.369965931 0.418989889 0.447507163 0.455312623 0.445348512 0.421538033 0.386469955 0.291448188 0.238597304 0.187163879 0.13951223 0.097292601 0.062028339 0.034721632 0.015280411 0.003352844 0.000459307 100
0.016677529 0.069847383 0.203607982 0.301064496 0.37055406 0.419378979 0.447685375 0.455294028 0.445173256 0.421239963 0.386068515 0.290923654 0.238070976 0.186665615 0.139060545 0.096903145 0.061715078 0.034489269 0.015123707 0.003273814 0.000426677 100
0.016345819 0.071330747 0.204760537 0.301878319 0.371140193 0.419766014 0.447861484 0.455273653 0.444996636 0.420940775 0.385666135 0.290398908 0.237544806 0.186167737 0.138609404 0.09651439 0.061402625 0.034257696 0.014967738 0.00319564 0.000395007 100
0.016013162 0.072812414 0.205909184 0.30268941 0.371724335 0.420150991 0.448035491 0.455251502 0.444818653 0.420640472 0.385262817 0.289873955 0.237018796 0.185670247 0.138158809 0.096126337 0.061090979 0.034026912 0.014812505 0.003118324 0.0003643 100
0.015679557 0.074292326 0.207053927 0.303497781 0.372306487 0.420533909 0.448207396 0.45522758 0.444639311 0.420339054 0.384858564 0.289348799 0.236492948 0.185173146 0.137708761 0.095738988 0.060780142 0.033796916 0.014658006 0.00304187 0.000334557 100
0.015345005 0.075770429 0.208194773 0.304303444 0.37288665 0.420914765 0.448377203 0.455201891 0.444458614 0.420036524 0.384453377 0.288823445 0.235967267 0.184676437 0.137259262 0.095352345 0.060470113 0.033567709 0.014504244 0.002966278 0.000305779 100
0.015009504 0.077246669 0.209331725 0.305106411 0.373464828 0.421293558 0.448544911 0.45517444 0.444276565 0.419732884 0.384047259 0.288297897 0.235441754 0.18418012 0.136810314 0.094966408 0.060160893 0.033339289 0.014351216 0.002891552 0.000277969 100
0.014673055 0.078720992 0.210464789 0.305906695 0.374041022 0.421670287 0.448710524 0.45514523 0.444093167 0.419428135 0.383640212 0.287772159 0.234916414 0.183684197 0.136361918 0.09458118 0.059852483 0.033111655 0.014198925 0.002817693 0.000251126 100
0.014335656 0.080193345 0.211593971 0.306704308 0.374615233 0.422044949 0.448874043 0.455114266 0.443908424 0.419122278 0.383232239 0.287246235 0.234391248 0.183188671 0.135914075 0.094196662 0.059544883 0.032884807 0.014047369 0.002744703 0.000225254 100
0.013997308 0.081663675 0.212719277 0.307499262 0.375187464 0.422417542 0.449035469 0.455081553 0.443722339 0.418815317 0.382823341 0.28672013 0.233866259 0.182693543 0.135466788 0.093812855 0.059238093 0.032658745 0.01389655 0.002672586 0.000200354 100
0.01365801 0.083131932 0.213840713 0.308291569 0.375757716 0.422788065 0.449194804 0.455047095 0.443534915 0.418507251 0.382413522 0.286193847 0.233341451 0.182198814 0.135020057 0.09342976 0.058932114 0.032433466 0.013746467 0.002601342 0.000176426 100
0.013317762 0.084598065 0.214958286 0.30908124 0.376325991 0.423156516 0.449352051 0.455010897 0.443346156 0.418198083 0.382002782 0.285667391 0.232816827 0.181704487 0.134573885 0.093047379 0.058626946 0.032208971 0.013597121 0.002530974 0.000153472 100
0.012976565 0.086062024 0.216072002 0.309868289 0.37689229 0.423522893 0.449507211 0.454972962 0.443156065 0.417887815 0.381591126 0.285140766 0.232292388 0.181210563 0.134128272 0.092665714 0.058322589 0.031985259 0.013448511 0.002461485 0.000131494 100
0.012634417 0.087523759 0.217181868 0.310652725 0.377456614 0.423887195 0.449660286 0.454933296 0.442964645 0.417576448 0.381178554 0.284613976 0.231768138 0.180717043 0.133683221 0.092284766 0.058019045 0.031762329 0.013300639 0.002392876 0.000110492 100
0.012291319 0.088983223 0.218287893 0.311434561 0.378018966 0.42424942 0.449811278 0.454891903 0.442771898 0.417263984 0.380765071 0.284087026 0.23124408 0.180223931 0.133238733 0.091904537 0.057716312 0.031540181 0.013153504 0.00232515 9.04683E-05 100
0.011947272 0.090440368 0.219390083 0.312213809 0.378579345 0.424609566 0.449960189 0.454848787 0.44257783 0.416950425 0.380350677 0.283559919 0.230720216 0.179731226 0.13279481 0.091525027 0.057414392 0.031318813 0.013007107 0.002258308 7.14238E-05 100
0.011602275 0.091895147 0.220488447 0.312990479 0.379137753 0.424967631 0.450107021 0.454803952 0.442382442 0.416635772 0.379935375 0.283032659 0.23019655 0.179238931 0.132351453 0.091146238 0.057113284 0.031098225 0.012861448 0.002192354 5.33596E-05 100
0.011256328 0.093347514 0.221582992 0.313764583 0.379694192 0.425323614 0.450251777 0.454757404 0.442185737 0.416320026 0.379519168 0.282505251 0.229673083 0.178747047 0.131908663 0.090768172 0.05681299 0.030878415 0.012716527 0.002127289 3.62769E-05 100
0.010909432 0.094797424 0.222673726 0.314536133 0.380248662 0.425677513 0.450394458 0.454709146 0.441987719 0.416003191 0.379102058 0.281977699 0.229149819 0.178255577 0.131466443 0.09039083 0.056513508 0.030659385 0.012572346 0.002063115 2.01767E-05 100
0.030888299 0.017326583 0.161678062 0.272322889 0.351277968 0.407926776 0.444081069 0.45899533 0.4547601 0.435416577 0.404070363 0.31377231 0.261193523 0.208783082 0.159251392 0.114397461 0.075861388 0.045010863 0.022205141 0.007046438 0.002371468 150
0.030584783 0.018843978 0.162973058 0.273249225 0.35194566 0.408391639 0.444334907 0.459041525 0.454634837 0.435158806 0.403702966 0.313257782 0.260662957 0.208270052 0.158777 0.113978086 0.075513198 0.044743422 0.022016212 0.006933806 0.002302492 150
0.030280386 0.020361877 0.164264237 0.27417239 0.352611212 0.40885447 0.444586587 0.459085791 0.454508079 0.434899849 0.403334558 0.31274289 0.260132423 0.20775732 0.158303077 0.113559346 0.075165788 0.044476794 0.021828037 0.006821983 0.002234426 150
0.029975106 0.021880203 0.165551588 0.275092398 0.353274629 0.409315267 0.444836111 0.459128132 0.454379831 0.434639708 0.402965142 0.312227638 0.259601924 0.207244887 0.157829625 0.113141242 0.074819158 0.04421098 0.021640617 0.006710969 0.002167272 150
0.029668939 0.023398879 0.166835103 0.276009262 0.353935916 0.409774029 0.445083478 0.459168551 0.454250096 0.434378386 0.402594719 0.311712031 0.259071464 0.206732758 0.157356645 0.112723777 0.074473309 0.043945977 0.02145395 0.006600767 0.002101032 150
0.029361885 0.024917829 0.168114773 0.276922998 0.354595077 0.410230754 0.44532869 0.459207053 0.454118878 0.434115884 0.40222329 0.311196073 0.258541046 0.206220932 0.15688414 0.112306951 0.074128242 0.043681786 0.021268037 0.006491379 0.002035708 150
0.02905394 0.026436977 0.169390592 0.277833617 0.355252119 0.41068544 0.445571745 0.459243642 0.453986182 0.433852205 0.401850859 0.310679769 0.258010672 0.205709412 0.15641211 0.111890766 0.073783959 0.043418407 0.021082877 0.006382805 0.001971302 150
0.028745102 0.027956248 0.17066255 0.278741134 0.355907045 0.411138086 0.445812646 0.459278322 0.453852011 0.433587351 0.401477426 0.310163122 0.257480348 0.205198201 0.155940557 0.111475225 0.073440459 0.043155839 0.020898469 0.006275048 0.001907816 150
0.028435369 0.029475569 0.171930641 0.279645562 0.356559861 0.41158869 0.446051392 0.459311097 0.45371637 0.433321323 0.401102993 0.309646136 0.256950075 0.204687299 0.155469484 0.111060329 0.073097745 0.042894082 0.020714814 0.00616811 0.001845251 150
0.028124739 0.030994864 0.17319486 0.280546914 0.357210571 0.41203725 0.446287984 0.459341971 0.453579262 0.433054124 0.400727563 0.309128817 0.256419857 0.20417671 0.15499889 0.110646079 0.072755817 0.042633135 0.02053191 0.006061992 0.001783612 150
0.027813209 0.032514061 0.174455199 0.281445205 0.357859179 0.412483764 0.446522421 0.459370948 0.453440691 0.432785756 0.400351137 0.308611168 0.255889698 0.203666435 0.154528779 0.110232477 0.072414676 0.042372998 0.020349758 0.005956697 0.001722898 150
0.027500778 0.034033088 0.175711653 0.282340448 0.358505691 0.41292823 0.446754706 0.459398032 0.453300661 0.432516221 0.399973717 0.308093194 0.255359601 0.203156476 0.154059152 0.109819525 0.072074323 0.042113671 0.020168357 0.005852225 0.001663113 150
0.027187444 0.035551872 0.176964218 0.283232656 0.35915011 0.413370648 0.446984838 0.459423228 0.453159177 0.43224552 0.399595305 0.307574899 0.254829569 0.202646834 0.15359001 0.109407225 0.071734758 0.041855152 0.019987707 0.005748579 0.001604258 150
0.026873204 0.037070342 0.178212888 0.284121843 0.35979244 0.413811014 0.447212818 0.45944654 0.453016241 0.431973656 0.399215903 0.307056287 0.254299605 0.202137512 0.153121354 0.108995578 0.071395983 0.041597443 0.019807808 0.005645761 0.001546335 150
0.026558056 0.038588427 0.179457661 0.285008021 0.360432686 0.414249328 0.447438647 0.459467971 0.452871858 0.431700631 0.398835513 0.306537362 0.253769712 0.201628512 0.152653187 0.108584586 0.071057999 0.041340541 0.019628659 0.005543772 0.001489346 150
0.026242 0.040106057 0.180698531 0.285891206 0.361070851 0.414685587 0.447662326 0.459487527 0.452726032 0.431426446 0.398454136 0.306018129 0.253239894 0.201119836 0.15218551 0.10817425 0.070720806 0.041084447 0.01945026 0.005442614 0.001433294 150
0.025925033 0.041623163 0.181935496 0.286771409 0.36170694 0.41511979 0.447883855 0.459505211 0.452578767 0.431151105 0.398071775 0.305498592 0.252710154 0.200611485 0.151718325 0.107764572 0.070384405 0.040829161 0.019272611 0.00534229 0.00137818 150
0.025607153 0.043139676 0.183168554 0.287648644 0.362340956 0.415551935 0.448103235 0.459521027 0.452430066 0.430874607 0.397688432 0.304978755 0.252180494 0.200103462 0.151251633 0.107355555 0.070048798 0.040574681 0.019095711 0.005242801 0.001324006 150
0.025288359 0.044655528 0.184397701 0.288522925 0.362972903 0.415982019 0.448320467 0.45953498 0.452279933 0.430596956 0.397304108 0.304458623 0.251650919 0.199595767 0.150785436 0.106947198 0.069713984 0.040321008 0.018919562 0.005144149 0.001270774 150
0.024968649 0.046170651 0.185622937 0.289394264 0.363602784 0.416410042 0.448535552 0.459547075 0.452128372 0.430318153 0.396918806 0.303938199 0.251121432 0.199088404 0.150319736 0.106539505 0.069379965 0.04006814 0.018744161 0.005046336 0.001218487 150
0.024648021 0.047684979 0.186844259 0.290262675 0.364230603 0.416836001 0.448748491 0.459557315 0.451975386 0.430038201 0.396532528 0.303417488 0.250592035 0.198581374 0.149854533 0.106132477 0.069046742 0.039816077 0.018569509 0.004949364 0.001167145 150
0.024326474 0.049198446 0.188061667 0.291128171 0.364856364 0.417259895 0.448959286 0.459565704 0.45182098 0.429757101 0.396145275 0.302896494 0.250062731 0.198074679 0.14938983 0.105726115 0.068714315 0.03956482 0.018395607 0.004853235 0.00111675 150
0.024004007 0.050710986 0.189275159 0.291990765 0.365480069 0.417681721 0.449167936 0.459572247 0.451665157 0.429474854 0.395757049 0.302375222 0.249533524 0.19756832 0.148925629 0.105320422 0.068382684 0.039314366 0.018222453 0.004757951 0.001067306 150
0.023680619 0.052222535 0.190484736 0.29285047 0.366101723 0.418101478 0.449374443 0.459576949 0.451507921 0.429191464 0.395367853 0.301853675 0.249004417 0.1970623 0.14846193 0.104915398 0.068051852 0.039064717 0.018050048 0.004663513 0.001018813 150
0.023356307 0.053733028 0.191690398 0.293707299 0.366721327 0.418519164 0.449578809 0.459579814 0.451349276 0.428906931 0.394977689 0.301331858 0.248475412 0.19655662 0.147998736 0.104511045 0.067721818 0.03881587 0.017878391 0.004569925 0.000971273 150
0.023031071 0.055242403 0.192892146 0.294561265 0.367338885 0.418934777 0.449781034 0.459580845 0.451189224 0.428621258 0.394586559 0.300809775 0.247946513 0.196051282 0.147536048 0.104107365 0.067392584 0.038567826 0.017707483 0.004477188 0.000924688 150
0.02270491 0.056750596 0.19408998 0.29541238 0.3679544 0.419348315 0.44998112 0.459580048 0.45102777 0.428334446 0.394194464 0.30028743 0.247417724 0.195546288 0.147073868 0.103704361 0.067064149 0.038320584 0.017537323 0.004385303 0.00087906 150
0.022377822 0.058257547 0.195283901 0.296260659 0.368567875 0.419759777 0.450179068 0.459577426 0.450864918 0.428046497 0.393801407 0.299764828 0.246889046 0.19504164 0.146612197 0.103302032 0.066736515 0.038074143 0.017367912 0.004294273 0.00083439 150
0.022049806 0.059763193 0.196473912 0.297106112 0.369179312 0.42016916 0.45037488 0.459572985 0.450700671 0.427757413 0.393407391 0.299241973 0.246360483 0.19453734 0.146151037 0.102900381 0.066409683 0.037828503 0.017199249 0.004204101 0.000790681 150
0.021720862 0.061267475 0.197660015 0.297948753 0.369788714 0.420576463 0.450568556 0.459566729 0.450535032 0.427467196 0.393012416 0.298718868 0.245832038 0.194033389 0.14569039 0.10249941 0.066083652 0.037583664 0.017031334 0.004114787 0.000747933 150
0.021390988 0.062770332 0.198842211 0.298788595 0.370396084 0.420981684 0.450760098 0.459558661 0.450368005 0.427175848 0.392616485 0.298195519 0.245303714 0.193529789 0.145230257 0.10209912 0.065758424 0.037339624 0.016864168 0.004026335 0.00070615 150
0.021060184 0.064271707 0.200020504 0.29962565 0.371001423 0.421384821 0.450949508 0.459548787 0.450199594 0.42688337 0.392219601 0.297671928 0.244775514 0.193026542 0.14477064 0.101699512 0.065434 0.037096384 0.01669775 0.003938746 0.000665331 150
0.020728448 0.065771539 0.201194896 0.300459931 0.371604735 0.421785872 0.451136787 0.45953711 0.450029802 0.426589764 0.391821766 0.297148101 0.244247441 0.19252365 0.144311541 0.101300589 0.065110379 0.036853942 0.01653208 0.003852022 0.00062548 150
0.020395781 0.067269773 0.202365391 0.301291449 0.372206022 0.422184836 0.451321937 0.459523636 0.449858633 0.426295032 0.39142298 0.296624042 0.243719497 0.192021114 0.14385296 0.100902352 0.064787563 0.036612297 0.016367159 0.003766165 0.000586597 150
0.020062181 0.068766351 0.203531994 0.302120218 0.372805285 0.42258171 0.451504959 0.459508368 0.44968609 0.425999175 0.391023248 0.296099754 0.243191686 0.191518936 0.143394901 0.100504802 0.064465552 0.03637145 0.016202987 0.003681178 0.000548683 150
0.019727648 0.070261218 0.204694707 0.302946248 0.373402528 0.422976494 0.451685855 0.459491312 0.449512176 0.425702196 0.390622571 0.295575243 0.242664011 0.191017119 0.142937363 0.100107942 0.064144347 0.0361314 0.016039563 0.003597062 0.000511742 150
0.019392181 0.071754317 0.205853536 0.303769554 0.373997751 0.423369184 0.451864627 0.459472471 0.449336896 0.425404096 0.390220951 0.295050511 0.242136474 0.190515663 0.14248035 0.099711772 0.063823949 0.035892146 0.015876888 0.00351382 0.000475774 150
0.019055779 0.073245595 0.207008484 0.304590146 0.374590957 0.42375978 0.452041276 0.45945185 0.449160251 0.425104876 0.389818391 0.294525564 0.241609079 0.19001457 0.142023862 0.099316294 0.063504357 0.035653687 0.015714962 0.003431454 0.00044078 150
0.018718443 0.074734998 0.208159558 0.305408037 0.375182148 0.424148279 0.452215804 0.459429453 0.448982247 0.42480454 0.389414892 0.294000405 0.241081827 0.189513843 0.141567902 0.098921511 0.063185572 0.035416023 0.015553785 0.003349966 0.000406762 150
0.018380172 0.076222472 0.209306762 0.306223239 0.375771325 0.42453468 0.452388213 0.459405286 0.448802886 0.424503087 0.389010457 0.293475039 0.240554723 0.189013483 0.141112471 0.098527422 0.062867596 0.035179154 0.015393357 0.003269357 0.000373721 150
0.018040966 0.077707965 0.210450102 0.307035763 0.37635849 0.424918981 0.452558504 0.459379352 0.448622171 0.424200521 0.388605089 0.292949469 0.240027769 0.188513491 0.14065757 0.098134031 0.062550428 0.034943077 0.015233679 0.003189631 0.000341659 150
0.017700824 0.079191427 0.211589584 0.307845621 0.376943645 0.42530118 0.452726681 0.459351656 0.448440107 0.423896842 0.388198789 0.2924237 0.239500967 0.18801387 0.140203201 0.097741339 0.062234069 0.034707794 0.015074751 0.003110789 0.000310577 150
0.017359746 0.080672806 0.212725214 0.308652825 0.377526791 0.425681276 0.452892743 0.459322203 0.448256695 0.423592052 0.38779156 0.291897736 0.238974321 0.187514621 0.139749367 0.097349346 0.06191852 0.034473302 0.014916573 0.003032833 0.000280477 150
0.017017733 0.082152051 0.213856999 0.309457387 0.378107929 0.426059267 0.453056695 0.459290996 0.44807194 0.423286154 0.387383404 0.291371581 0.238447833 0.187015745 0.139296067 0.096958055 0.06160378 0.034239603 0.014759145 0.002955766 0.000251359 150
0.016674784 0.083629115 0.214984945 0.310259317 0.378687061 0.426435151 0.453218537 0.459258041 0.447885844 0.422979148 0.386974324 0.290845238 0.237921505 0.186517246 0.138843305 0.096567468 0.061289851 0.034006694 0.014602467 0.002879589 0.000223225 150
0.016330898 0.085103947 0.216109059 0.311058628 0.379264189 0.426808927 0.453378271 0.459223342 0.447698412 0.422671037 0.386564321 0.290318713 0.237395342 0.186019123 0.138391082 0.096177585 0.060976733 0.033774575 0.014446541 0.002804305 0.000196077 150
0.015986078 0.086576502 0.217229348 0.31185533 0.379839313 0.427180593 0.453535901 0.459186903 0.447509645 0.422361821 0.386153399 0.28979201 0.236869345 0.185521379 0.137939399 0.095788408 0.060664426 0.033543246 0.014291366 0.002729916 0.000169914 150
0.015640321 0.08804673 0.218345821 0.312649435 0.380412434 0.427550147 0.453691427 0.459148729 0.447319548 0.422051504 0.385741559 0.289265131 0.236343518 0.185024016 0.137488259 0.09539994 0.06035293 0.033312706 0.014136942 0.002656424 0.000144739 150
0.01529363 0.089514587 0.219458484 0.313440955 0.380983554 0.427917587 0.453844852 0.459108825 0.447128124 0.421740086 0.385328805 0.288738082 0.235817862 0.184527035 0.137037662 0.09501218 0.060042247 0.033082953 0.013983271 0.002583831 0.000120552 150
0.014946003 0.090980027 0.220567347 0.314229899 0.381552673 0.428282913 0.453996179 0.459067195 0.446935375 0.421427569 0.384915137 0.288210866 0.235292381 0.184030438 0.13658761 0.094625132 0.059732376 0.032853989 0.013830352 0.002512139 9.73541E-05 150
0.030925358 0.008279829 0.153769683 0.26685113 0.346819776 0.40436642 0.442019271 0.458448242 0.45532783 0.437172548 0.407594806 0.320292617 0.267421592 0.213934824 0.163462588 0.118110768 0.079092766 0.047368033 0.023544596 0.00776858 0.00290221 200
0.03063811 0.009776732 0.155093267 0.267793742 0.347494443 0.404843549 0.442289545 0.458507435 0.455212825 0.436929364 0.40724748 0.319781735 0.266882522 0.213410465 0.162981281 0.117687509 0.078737987 0.047090143 0.023346919 0.007652016 0.002829166 200
0.030350311 0.011275061 0.15641309 0.268733009 0.348166969 0.40531872 0.442557661 0.458564648 0.455096333 0.436685063 0.406899166 0.319270344 0.266343403 0.212886425 0.162500495 0.117264887 0.078383941 0.046813049 0.023150044 0.007536285 0.002756997 200
0.030061958 0.012774734 0.157729135 0.269668945 0.348837363 0.40579193 0.442823617 0.458619888 0.454978358 0.436439645 0.406549863 0.318758447 0.26580424 0.212362707 0.162020231 0.1168429 0.078030629 0.046536751 0.022953973 0.007421387 0.002685706 200
0.02977305 0.014275666 0.159041389 0.270601564 0.34950563 0.406263177 0.443087413 0.458673156 0.454858907 0.436193114 0.406199574 0.318246049 0.265265036 0.211839313 0.161540491 0.116421551 0.077678052 0.046261249 0.022758704 0.007307323 0.002615293 200
0.029483584 0.015777774 0.160349834 0.271530882 0.350171778 0.40673246 0.443349048 0.458724458 0.454737984 0.435945472 0.405848299 0.317733154 0.264725798 0.211316246 0.161061275 0.116000841 0.07732621 0.045986543 0.022564238 0.007194094 0.00254576 200
0.02919356 0.017280976 0.161654458 0.272456912 0.350835813 0.407199776 0.443608522 0.458773798 0.454615593 0.43569672 0.405496038 0.317219768 0.264186528 0.210793509 0.160582586 0.11558077 0.076975105 0.045712634 0.022370575 0.0070817 0.002477106 200
0.028902976 0.018785191 0.162955247 0.273379671 0.351497742 0.407665124 0.443865834 0.45882118 0.45449174 0.435446861 0.405142792 0.316705893 0.263647231 0.210271105 0.160104424 0.115161339 0.076624738 0.045439522 0.022177715 0.006970143 0.002409333 200
0.02861183 0.020290336 0.164252187 0.274299172 0.352157571 0.408128501 0.444120984 0.458866608 0.454366429 0.435195898 0.404788563 0.316191536 0.263107912 0.209749036 0.159626792 0.11474255 0.076275109 0.045167208 0.021985658 0.006859422 0.002342441 200
0.028320121 0.02179633 0.165545266 0.27521543 0.352815305 0.408589905 0.444373971 0.458910086 0.454239665 0.434943831 0.40443335 0.3156767 0.262568575 0.209227305 0.159149689 0.114324403 0.075926219 0.044895691 0.021794403 0.00674954 0.002276432 200
0.028027847 0.023303092 0.166834472 0.27612846 0.353470952 0.409049335 0.444624796 0.45895162 0.454111453 0.434690664 0.404077155 0.315161389 0.262029225 0.208705914 0.158673119 0.1139069 0.075578069 0.044624973 0.021603952 0.006640496 0.002211307 200
0.027735006 0.024810543 0.168119795 0.277038277 0.354124516 0.409506787 0.444873457 0.458991212 0.453981797 0.434436398 0.403719979 0.314645609 0.261489865 0.208184867 0.158197081 0.113490041 0.075230659 0.044355052 0.021414303 0.006532292 0.002147066 200
0.027441597 0.026318603 0.169401223 0.277944896 0.354776004 0.409962261 0.445119954 0.459028868 0.453850703 0.434181035 0.403361823 0.314129363 0.2609505 0.207664166 0.157721578 0.113073828 0.074883992 0.04408593 0.021225458 0.006424928 0.002083709 200
0.027147619 0.027827192 0.170678745 0.278848331 0.355425422 0.410415753 0.445364288 0.459064593 0.453718174 0.433924578 0.403002686 0.313612656 0.260411134 0.207143814 0.15724661 0.112658262 0.074538067 0.043817606 0.021037415 0.006318405 0.002021239 200
0.02685307 0.029336232 0.171952354 0.279748597 0.356072775 0.410867262 0.445606459 0.459098389 0.453584217 0.433667027 0.402642571 0.313095494 0.259871773 0.206623812 0.156772179 0.112243343 0.074192886 0.043550081 0.020850176 0.006212724 0.001959655 200
0.026557949 0.030845645 0.173222038 0.280645709 0.356718068 0.411316785 0.445846465 0.459130263 0.453448834 0.433408387 0.402281478 0.312577879 0.259332418 0.206104164 0.156298287 0.111829073 0.073848449 0.043283356 0.020663739 0.006107885 0.001898959 200
0.026262254 0.032355353 0.174487791 0.281539682 0.357361307 0.41176432 0.446084307 0.459160217 0.453312032 0.433148657 0.401919407 0.312059817 0.258793077 0.205584873 0.155824934 0.111415452 0.073504756 0.043017429 0.020478105 0.00600389 0.001839151 200
0.025965984 0.033865279 0.175749603 0.28243053 0.358002497 0.412209865 0.446319985 0.459188258 0.453173814 0.432887841 0.401556361 0.311541313 0.258253751 0.20506594 0.155352122 0.111002482 0.07316181 0.042752303 0.020293275 0.00590074 0.001780233 200
0.025669138 0.035375347 0.177007468 0.283318268 0.358641643 0.412653417 0.446553499 0.45921439 0.453034186 0.432625939 0.401192338 0.31102237 0.257714446 0.204547369 0.154879852 0.110590164 0.072819611 0.042487976 0.020109247 0.005798434 0.001722204 200
0.025371713 0.036885481 0.178261378 0.284202911 0.35927875 0.413094975 0.44678485 0.459238616 0.452893152 0.432362954 0.400827341 0.310502994 0.257175166 0.204029161 0.154408126 0.110178498 0.072478158 0.042224449 0.019926023 0.005696974 0.001665066 200
0.02507371 0.038395605 0.179511328 0.285084473 0.359913823 0.413534535 0.447014036 0.459260942 0.452750716 0.432098888 0.400461371 0.309983188 0.256635915 0.20351132 0.153936944 0.109767486 0.072137455 0.041961722 0.019743602 0.005596362 0.001608819 200
0.024775127 0.039905645 0.18075731 0.28596297 0.360546866 0.413972095 0.44724106 0.459281372 0.452606883 0.431833742 0.400094427 0.309462959 0.256096698 0.202993847 0.153466309 0.109357128 0.0717975 0.041699795 0.019561984 0.005496597 0.001553464 200
0.024475962 0.041415526 0.181999321 0.286838416 0.361177885 0.414407654 0.44746592 0.459299911 0.452461657 0.431567519 0.399726512 0.308942309 0.255557518 0.202476746 0.15299622 0.108947427 0.071458295 0.04143867 0.019381169 0.00539768 0.001499003 200
0.024176215 0.042925176 0.183237354 0.287710825 0.361806884 0.414841208 0.447688617 0.459316564 0.452315043 0.43130022 0.399357625 0.308421244 0.255018379 0.201960019 0.15252668 0.108538382 0.071119842 0.041178344 0.019201158 0.005299613 0.001445435 200
0.023875883 0.044434521 0.184471406 0.288580212 0.362433867 0.415272756 0.447909152 0.459331335 0.452167046 0.431031846 0.398987768 0.307899769 0.254479287 0.201443668 0.15205769 0.108129994 0.070782139 0.04091882 0.01902195 0.005202396 0.001392761 200
0.023574967 0.045943489 0.185701472 0.289446592 0.363058838 0.415702295 0.448127524 0.459344229 0.45201767 0.430762399 0.398616942 0.307377887 0.253940244 0.200927695 0.15158925 0.107722266 0.070445189 0.040660097 0.018843546 0.005106031 0.001340982 200
0.023273464 0.047452009 0.186927549 0.290309979 0.363681802 0.416129821 0.448343735 0.459355251 0.451866919 0.430491882 0.398245148 0.306855604 0.253401256 0.200412103 0.151121363 0.107315197 0.070108992 0.040402175 0.018665945 0.005010517 0.001290099 200
0.022971374 0.048960009 0.188149635 0.291170388 0.364302763 0.416555334 0.448557785 0.459364405 0.451714798 0.430220296 0.397872386 0.306332925 0.252862326 0.199896895 0.15065403 0.106908789 0.069773549 0.040145054 0.018489148 0.004915856 0.001240113 200
0.022668696 0.050467419 0.189367726 0.292027833 0.364921724 0.416978831 0.448769674 0.459371697 0.451561311 0.429947642 0.397498658 0.305809853 0.252323458 0.199382072 0.150187251 0.106503043 0.069438861 0.039888735 0.018313155 0.004822049 0.001191023 200
0.022365428 0.05197417 0.190581821 0.292882328 0.36553869 0.417400308 0.448979404 0.459377131 0.451406463 0.429673922 0.397123964 0.305286394 0.251784656 0.198867637 0.149721027 0.106097959 0.069104928 0.039633218 0.018137966 0.004729097 0.001142832 200
0.02206157 0.053480193 0.191791918 0.293733888 0.366153664 0.417819764 0.449186974 0.459380711 0.451250257 0.429399137 0.396748305 0.304762551 0.251245925 0.198353593 0.149255361 0.10569354 0.068771751 0.039378503 0.01796358 0.004637 0.001095538 200
0.021757121 0.054985418 0.192998015 0.294582526 0.36676665 0.418237197 0.449392386 0.459382444 0.451092698 0.42912329 0.396371683 0.304238331 0.250707269 0.197839941 0.148790253 0.105289785 0.068439331 0.039124589 0.017789999 0.00454576 0.001049144 200
0.021452079 0.05648978 0.194200113 0.295428259 0.367377651 0.418652603 0.44959564 0.459382333 0.450933791 0.428846381 0.395994098 0.303713737 0.250168691 0.197326684 0.148325705 0.104886695 0.068107669 0.038871478 0.017617221 0.004455377 0.001003649 200
0.021146444 0.05799321 0.19539821 0.296271098 0.367986671 0.41906598 0.449796737 0.459380384 0.45077354 0.428568413 0.395615552 0.303188774 0.249630195 0.196813824 0.147861717 0.104484273 0.067776766 0.038619169 0.017445248 0.004365853 0.000959055 200
0.020840215 0.059495642 0.196592307 0.297111059 0.368593713 0.419477326 0.449995678 0.459376601 0.450611949 0.428289387 0.395236045 0.302663446 0.249091787 0.196301364 0.147398291 0.104082519 0.067446621 0.038367662 0.01727408 0.004277187 0.000915361 200
0.020533391 0.060997011 0.197782404 0.297948156 0.36919878 0.419886638 0.450192464 0.45937099 0.450449021 0.428009304 0.394855578 0.302137759 0.248553469 0.195789305 0.146935429 0.103681433 0.067117237 0.038116958 0.017103716 0.004189382 0.000872568 200
0.020225971 0.062497252 0.198968503 0.298782402 0.369801875 0.420293914 0.450387096 0.459363555 0.450284762 0.427728165 0.394474153 0.301611718 0.248015245 0.19527765 0.14647313 0.103281017 0.066788613 0.037867056 0.016934156 0.004102438 0.000830677 200
0.019917954 0.063996301 0.200150605 0.299613812 0.370403001 0.420699151 0.450579575 0.459354301 0.450119176 0.427445973 0.39409177 0.301085326 0.24747712 0.194766402 0.146011397 0.102881272 0.066460751 0.037617957 0.016765402 0.004016355 0.000789688 200
0.01960934 0.065494094 0.201328711 0.300442399 0.371002162 0.421102347 0.450769902 0.459343233 0.449952266 0.427162728 0.393708431 0.300558588 0.246939098 0.194255562 0.14555023 0.102482198 0.066133651 0.03736966 0.016597452 0.003931136 0.000749602 200
0.019300128 0.06699057 0.202502823 0.301268177 0.371599359 0.421503499 0.450958079 0.459330357 0.449784037 0.426878433 0.393324136 0.30003151 0.246401182 0.193745132 0.145089631 0.102083798 0.065807313 0.037122167 0.016430308 0.00384678 0.00071042 200
0.018990318 0.068485664 0.203672945 0.30209116 0.372194596 0.421902606 0.451144106 0.459315677 0.449614493 0.426593088 0.392938887 0.299504095 0.245863376 0.193235115 0.144629601 0.101686071 0.06548174 0.036875477 0.016263969 0.003763288 0.000672141 200
0.018679907 0.069979318 0.204839078 0.302911361 0.372787874 0.422299663 0.451327984 0.459299198 0.449443637 0.426306694 0.392552684 0.298976349 0.245325685 0.192725513 0.144170142 0.101289019 0.06515693 0.036629589 0.016098435 0.003680663 0.000634766 200
0.018368897 0.071471469 0.206001227 0.303728795 0.373379198 0.422694669 0.451509716 0.459280926 0.449271475 0.426019254 0.392165529 0.298448276 0.244788111 0.192216327 0.143711253 0.100892643 0.064832886 0.036384505 0.015933707 0.003598903 0.000598296 200
0.018057286 0.072962058 0.207159395 0.304543475 0.373968568 0.423087622 0.451689302 0.459260864 0.449098009 0.425730768 0.391777423 0.297919881 0.24425066 0.191707561 0.143252937 0.100496944 0.064509607 0.036140224 0.015769785 0.003518011 0.000562731 200
0.017745074 0.074451026 0.208313585 0.305355413 0.374555987 0.423478519 0.451866744 0.45923902 0.448923244 0.425441238 0.391388367 0.297391169 0.243713335 0.191199216 0.142795194 0.100101922 0.064187094 0.035896746 0.015606669 0.003437988 0.000528071 200
0.01743226 0.075938316 0.209463803 0.306164623 0.375141457 0.423867357 0.452042043 0.459215396 0.448747184 0.425150665 0.390998363 0.296862144 0.243176139 0.190691294 0.142338026 0.09970758 0.063865349 0.035654071 0.01544436 0.003358833 0.000494316 200
0.017118844 0.077423868 0.210610052 0.30697112 0.37572498 0.424254134 0.452215201 0.459189999 0.448569833 0.42485905 0.39060741 0.296332811 0.242639077 0.190183798 0.141881433 0.099313917 0.063544371 0.0354122 0.015282856 0.003280549 0.000461468 200
0.016804825 0.078907627 0.211752339 0.307774915 0.376306559 0.424638848 0.45238622 0.459162834 0.448391194 0.424566395 0.390215511 0.295803175 0.242102152 0.189676729 0.141425418 0.098920935 0.063224162 0.035171133 0.01512216 0.003203136 0.000429526 200
0.016490202 0.080389536 0.212890667 0.308576022 0.376886194 0.425021497 0.4525551 0.459133906 0.448211272 0.424272701 0.389822667 0.29527324 0.241565368 0.189170089 0.14096998 0.098528635 0.062904722 0.034930869 0.01496227 0.003126594 0.000398491 200
0.016174977 0.081869541 0.214025044 0.309374453 0.377463888 0.425402077 0.452721845 0.459103219 0.44803007 0.423977969 0.389428879 0.294743011 0.241028729 0.188663881 0.140515122 0.098137017 0.062586051 0.034691408 0.014803187 0.003050926 0.000368362 200
0.041537999 0.008508559 0.155868108 0.270101526 0.351751088 0.411449955 0.451047289 0.468659471 0.465773283 0.44696525 0.416108659 0.326529266 0.273469732 0.220136088 0.169571107 0.123613705 0.083696054 0.051093102 0.026348728 0.009279839 0.003634329 250
0.041242611 0.010032393 0.157203822 0.271057403 0.352445885 0.411948753 0.451333773 0.468725751 0.465655894 0.44671173 0.415746954 0.326013166 0.27293149 0.219612882 0.169086272 0.123182263 0.083332079 0.050806726 0.026140386 0.009148279 0.003546176 250
0.040946409 0.011557483 0.158535705 0.272010002 0.353138593 0.412445569 0.451618017 0.468789956 0.465536928 0.446457027 0.415384248 0.325496633 0.272393234 0.219089967 0.168601902 0.122751426 0.082968843 0.050521144 0.025932805 0.009017525 0.003458925 250
0.040649391 0.013083747 0.159863743 0.272959338 0.353829219 0.4129404 0.451900022 0.46885209 0.46541639 0.446201143 0.415020545 0.32497967 0.271854969 0.218567344 0.168117998 0.122321197 0.082606348 0.050236356 0.025725984 0.00888758 0.003372581 250
0.040351553 0.014611098 0.161187921 0.273905425 0.35451777 0.413433245 0.452179786 0.468912156 0.465294285 0.445944082 0.414655845 0.324462282 0.271316698 0.218045017 0.167634561 0.121891575 0.082244594 0.049952362 0.025519924 0.008758444 0.003287144 250
0.040052894 0.016139454 0.162508227 0.27484828 0.35520425 0.413924099 0.452457308 0.468970158 0.465170619 0.445685846 0.41429015 0.323944473 0.270778426 0.217522987 0.167151594 0.121462563 0.081883583 0.049669162 0.025314623 0.00863012 0.003202617 250
0.039753409 0.01766873 0.163824649 0.275787917 0.355888666 0.41441296 0.452732588 0.469026102 0.465045396 0.445426438 0.413923461 0.323426247 0.270240156 0.217001256 0.166669096 0.121034162 0.081523315 0.049386757 0.025110082 0.008502608 0.003119003 250
0.039453098 0.019198844 0.165137176 0.276724351 0.356571023 0.414899827 0.453005624 0.46907999 0.464918621 0.445165859 0.41355578 0.322907609 0.269701891 0.216479827 0.16618707 0.120606374 0.081163792 0.049105145 0.0249063 0.00837591 0.003036303 250
0.039151956 0.020729713 0.166445795 0.277657598 0.357251328 0.415384695 0.453276415 0.469131828 0.464790299 0.444904114 0.413187108 0.322388563 0.269163636 0.215958701 0.165705518 0.1201792 0.080805015 0.048824327 0.024703276 0.008250028 0.002954519 250
0.038849982 0.022261255 0.167750497 0.278587672 0.357929586 0.415867562 0.453544962 0.46918162 0.464660435 0.444641203 0.412817447 0.321869114 0.268625395 0.215437882 0.16522444 0.119752642 0.080446984 0.048544303 0.024501011 0.008124963 0.002873654 250
0.038547173 0.023793389 0.169051272 0.279514589 0.358605802 0.416348425 0.453811263 0.46922937 0.464529035 0.444377131 0.412446798 0.321349265 0.26808717 0.214917371 0.164743838 0.119326701 0.080089701 0.048265073 0.024299505 0.008000718 0.002793711 250
0.038243526 0.025326033 0.170348111 0.280438364 0.359279981 0.416827282 0.454075317 0.469275082 0.464396102 0.444111898 0.412075163 0.320829021 0.267548965 0.21439717 0.164263713 0.118901378 0.079733167 0.047986636 0.024098757 0.007877293 0.00271469 250
0.037939039 0.026859108 0.171641004 0.281359011 0.359952129 0.417304129 0.454337125 0.46931876 0.464261642 0.443845508 0.411702543 0.320308386 0.267010785 0.213877281 0.163784067 0.118476674 0.079377382 0.047708993 0.023898767 0.007754691 0.002636594 250
0.03763371 0.028392533 0.172929944 0.282276547 0.36062225 0.417778963 0.454596685 0.46936041 0.46412566 0.443577963 0.41132894 0.319787365 0.266472633 0.213357707 0.163304901 0.118052593 0.079022348 0.047432143 0.023699534 0.007632912 0.002559426 250
0.037327536 0.02992623 0.174214923 0.283190986 0.36129035 0.418251783 0.454853997 0.469400035 0.463988161 0.443309266 0.410954355 0.319265962 0.265934513 0.21283845 0.162826217 0.117629134 0.078668066 0.047156086 0.023501059 0.00751196 0.002483188 250
0.037020515 0.03146012 0.175495934 0.284102344 0.361956433 0.418722584 0.455109061 0.469437641 0.463849148 0.443039418 0.41057879 0.318744181 0.265396427 0.212319512 0.162348016 0.117206299 0.078314537 0.046880822 0.023303341 0.007391835 0.002407881 250
0.036712645 0.032994124 0.17677297 0.285010634 0.362620504 0.419191363 0.455361877 0.469473231 0.463708628 0.442768423 0.410202246 0.318222026 0.264858381 0.211800894 0.161870299 0.11678409 0.077961761 0.046606351 0.02310638 0.007272539 0.002333508 250
0.036403923 0.034528166 0.178046025 0.285915873 0.363282568 0.419658119 0.455612443 0.46950681 0.463566606 0.442496282 0.409824725 0.317699503 0.264320376 0.211282599 0.161393068 0.116362507 0.077609739 0.046332672 0.022910176 0.007154074 0.002260071 250
0.036094348 0.036062169 0.179315094 0.286818075 0.363942628 0.420122847 0.455860761 0.469538382 0.463423084 0.442222997 0.409446228 0.317176615 0.263782418 0.210764629 0.160916324 0.115941554 0.077258474 0.046059786 0.022714729 0.007036442 0.002187572 250
0.035783917 0.037596056 0.180580172 0.287717256 0.364600689 0.420585545 0.456106829 0.469567953 0.46327807 0.441948572 0.409066758 0.316653367 0.26324451 0.210246986 0.160440068 0.11552123 0.076907964 0.045787693 0.022520038 0.006919645 0.002116013 250
0.035472628 0.039129752 0.181841254 0.28861343 0.365256756 0.421046209 0.456350647 0.469595527 0.463131567 0.441673009 0.408686314 0.316129762 0.262706654 0.209729672 0.159964302 0.115101538 0.076558212 0.045516391 0.022326104 0.006803684 0.002045397 250
0.035160479 0.040663182 0.183098337 0.289506611 0.365910831 0.421504837 0.456592216 0.469621108 0.46298358 0.441396309 0.4083049 0.315605806 0.262168856 0.20921269 0.159489028 0.114682479 0.076209218 0.045245881 0.022132926 0.006688561 0.001975725 250
0.034847468 0.042196273 0.184351416 0.290396816 0.36656292 0.421961426 0.456831536 0.469644701 0.462834113 0.441118475 0.407922516 0.315081503 0.261631117 0.20869604 0.159014246 0.114264054 0.075860984 0.044976163 0.021940504 0.006574278 0.001907 250
0.034533594 0.043728949 0.185600489 0.291284058 0.367213026 0.422415972 0.457068606 0.469666312 0.462683172 0.440839508 0.407539164 0.314556856 0.261093442 0.208179725 0.158539959 0.113846264 0.075513509 0.044707237 0.021748838 0.006460837 0.001839224 250
0.034218854 0.04526114 0.186845553 0.292168353 0.367861153 0.422868473 0.457303426 0.469685944 0.462530761 0.440559413 0.407154846 0.314031871 0.260555834 0.207663747 0.158066167 0.113429112 0.075166795 0.044439101 0.021557929 0.00634824 0.001772398 250
0.033903246 0.046792772 0.188086606 0.293049714 0.368507304 0.423318925 0.457535998 0.469703602 0.462376885 0.440278189 0.406769564 0.313506552 0.260018297 0.207148108 0.157592872 0.113012599 0.074820844 0.044171756 0.021367775 0.006236489 0.001706525 250
0.033586769 0.048323774 0.189323647 0.293928158 0.369151483 0.423767325 0.45776632 0.469719291 0.462221548 0.43999584 0.406383318 0.312980903 0.259480834 0.20663281 0.157120075 0.112596725 0.074475654 0.043905203 0.021178377 0.006125586 0.001641608 250
0.033269422 0.049854075 0.190556674 0.294803697 0.369793692 0.42421367 0.457994394 0.469733017 0.462064755 0.439712368 0.405996111 0.312454928 0.258943449 0.206117855 0.156647778 0.112181493 0.074131229 0.043639439 0.020989735 0.006015531 0.001577647 250
0.032951201 0.051383605 0.191785687 0.295676348 0.370433936 0.424657957 0.458220219 0.469744783 0.461906511 0.439427775 0.405607944 0.311928632 0.258406145 0.205603245 0.156175981 0.111766904 0.073787567 0.043374466 0.020801849 0.005906329 0.001514645 250
0.032632107 0.052912295 0.193010685 0.296546124 0.371072218 0.425100183 0.458443796 0.469754594 0.461746819 0.439142063 0.405218818 0.311402019 0.257868925 0.205088981 0.155704687 0.11135296 0.073444671 0.043110282 0.020614719 0.00579798 0.001452604 250
0.032312137 0.054440076 0.194231669 0.297413039 0.371708539 0.425540345 0.458665126 0.469762457 0.461585685 0.438855233 0.404828736 0.310875094 0.257331793 0.204575067 0.155233897 0.110939661 0.073102541 0.042846888 0.020428344 0.005690486 0.001391526 250
0.031991289 0.05596688 0.195448639 0.298277109 0.372342904 0.425978439 0.458884208 0.469768374 0.461423114 0.438567289 0.404437699 0.310347861 0.256794752 0.204061502 0.154763613 0.110527009 0.072761177 0.042584284 0.020242725 0.00558385 0.001331413 250
0.031669563 0.05749264 0.196661597 0.299138346 0.372975315 0.426414463 0.459101044 0.469772352 0.461259109 0.438278232 0.404045709 0.309820324 0.256257805 0.20354829 0.154293834 0.110115006 0.072420581 0.042322468 0.020057862 0.005478073 0.001272267 250
0.031346957 0.05901729 0.197870543 0.299996767 0.373605774 0.426848413 0.459315634 0.469774395 0.461093674 0.437988064 0.403652767 0.309292487 0.255720957 0.203035433 0.153824564 0.109703653 0.072080754 0.042061441 0.019873755 0.005373157 0.00121409 250
0.031023469 0.060540763 0.19907548 0.300852384 0.374234285 0.427280287 0.459527978 0.469774508 0.460926816 0.437696786 0.403258875 0.308764355 0.25518421 0.202522931 0.153355803 0.109292952 0.071741695 0.041801203 0.019690404 0.005269105 0.001156884 250
0.030699098 0.062062995 0.20027641 0.301705211 0.374860849 0.42771008 0.459738078 0.469772696 0.460758537 0.437404402 0.402864035 0.308235933 0.254647568 0.202010788 0.152887553 0.108882904 0.071403407 0.041541752 0.019507809 0.005165918 0.00110065 250
0.030373844 0.063583922 0.201473335 0.302555264 0.375485469 0.428137791 0.459945935 0.469768964 0.460588843 0.437110913 0.402468249 0.307707224 0.254111033 0.201499004 0.152419815 0.10847351 0.071065889 0.041283089 0.01932597 0.005063599 0.001045391 250
0.030047705 0.06510348 0.202666259 0.303402555 0.376108148 0.428563415 0.460151548 0.469763317 0.460417737 0.436816321 0.402071517 0.307178233 0.25357461 0.200987582 0.15195259 0.108064771 0.070729142 0.041025214 0.019144887 0.004962149 0.000991109 250
0.029720679 0.066621606 0.203855184 0.304247098 0.376728886 0.42898695 0.460354919 0.46975576 0.460245224 0.436520628 0.401673842 0.306648965 0.253038301 0.200476524 0.15148588 0.10765669 0.070393168 0.040768126 0.018964561 0.004861571 0.000937805 250
0.029392766 0.068138239 0.205040116 0.305088908 0.377347687 0.429408393 0.460556049 0.469746299 0.460071309 0.436223836 0.401275226 0.306119423 0.252502109 0.199965831 0.151019687 0.107249268 0.070057966 0.040511824 0.018784991 0.004761867 0.000885482 250
0.029063964 0.069653317 0.206221057 0.305927997 0.377964552 0.42982774 0.460754939 0.469734937 0.459895995 0.435925946 0.400875671 0.305589612 0.251966039 0.199455505 0.150554011 0.106842505 0.069723538 0.040256309 0.018606178 0.004663038 0.000834141 250
0.028734274 0.07116678 0.207398013 0.306764379 0.378579483 0.430244988 0.46095159 0.469721681 0.459719287 0.435626961 0.400475177 0.305059537 0.251430093 0.198945549 0.150088854 0.106436404 0.069389884 0.040001579 0.018428121 0.004565088 0.000783783 250
0.028403693 0.072678568 0.208570988 0.307598069 0.379192481 0.430660135 0.461146003 0.469706536 0.459541189 0.435326882 0.400073748 0.304529201 0.250894274 0.198435963 0.149624218 0.106030966 0.069057005 0.039747636 0.018250822 0.004468017 0.000734411 250
0.028072221 0.074188623 0.209739987 0.308429079 0.379803548 0.431073177 0.461338179 0.469689505 0.459361705 0.435025712 0.399671384 0.303998609 0.250358586 0.197926749 0.149160103 0.105626192 0.068724902 0.039494477 0.01807428 0.004371828 0.000686027 250
0.027739858 0.075696886 0.210905017 0.309257422 0.380412687 0.431484112 0.46152812 0.469670596 0.45918084 0.434723452 0.399268087 0.303467765 0.249823032 0.19741791 0.148696512 0.105222084 0.068393574 0.039242103 0.017898495 0.004276524 0.000638631 250
0.027406602 0.0772033 0.212066083 0.310083112 0.381019897 0.431892935 0.461715826 0.469649811 0.458998598 0.434420104 0.39886386 0.302936674 0.249287615 0.196909446 0.148233445 0.104818643 0.068063024 0.038990514 0.017723469 0.004182106 0.000592227 250
0.027072453 0.078707808 0.213223191 0.310906162 0.38162518 0.432299644 0.4619013 0.469627158 0.458814983 0.434115669 0.398458704 0.30240534 0.248752337 0.196401361 0.147770905 0.10441587 0.067733251 0.038739709 0.0175492 0.004088576 0.000546814 250
0.02673741 0.080210356 0.214376347 0.311726585 0.382228539 0.432704237 0.462084542 0.469602641 0.458629998 0.43381015 0.398052621 0.301873768 0.248217203 0.195893655 0.147308891 0.104013767 0.067404257 0.038489688 0.017375689 0.003995937 0.000502396 250
0.026401473 0.081710887 0.215525559 0.312544394 0.382829972 0.433106709 0.462265554 0.469576265 0.458443649 0.433503549 0.397645612 0.301341961 0.247682215 0.19538633 0.146847407 0.103612335 0.067076041 0.038240449 0.017202937 0.00390419 0.000458974 250
0.026064641 0.083209349 0.216670834 0.313359601 0.383429482 0.433507059 0.462444337 0.469548035 0.458255939 0.433195866 0.397237681 0.300809923 0.247147377 0.194879389 0.146386452 0.103211576 0.066748604 0.037991994 0.017030945 0.003813339 0.000416549 250
0.044313414 1.22515E-16 0.148877941 0.265577626 0.348699441 0.409055015 0.449305885 0.468042701 0.466803925 0.450049226 0.421374098 0.334177442 0.280536508 0.225951095 0.174255712 0.127649167 0.08730336 0.054070714 0.028467748 0.010616894 0.004609898 300
0.044034019 0.001524167 0.15023886 0.266554208 0.349403512 0.409559143 0.449600928 0.468122991 0.466705329 0.449817584 0.421033132 0.333661211 0.279987695 0.225414846 0.173761984 0.127213148 0.08693458 0.053776485 0.028250738 0.010478326 0.004514251 300
0.043754019 0.003049959 0.151596028 0.267527391 0.35010541 0.410061294 0.449893784 0.468201259 0.466605199 0.449584775 0.420691122 0.333144416 0.279438801 0.224878905 0.173268775 0.126777757 0.086566514 0.053483024 0.0280345 0.010340573 0.004419479 300
0.043473411 0.004577291 0.152949426 0.268497189 0.350805142 0.410561464 0.450184451 0.468277508 0.466503538 0.4493508 0.420348068 0.332627062 0.278889831 0.224343275 0.172776086 0.126342997 0.086199164 0.053190331 0.027819035 0.010203634 0.004325581 300
0.043192194 0.006106079 0.154299038 0.269463618 0.351502715 0.411059654 0.450472929 0.468351743 0.466400352 0.449115662 0.420003972 0.332109154 0.278340788 0.223807958 0.172283919 0.125908866 0.085832531 0.052898406 0.027604342 0.01006751 0.004232559 300
0.042910366 0.007636236 0.155644848 0.270426691 0.352198136 0.41155586 0.450759217 0.468423968 0.466295645 0.448879364 0.419658835 0.331590697 0.277791678 0.223272957 0.171792274 0.125475367 0.085466614 0.05260725 0.027390421 0.009932203 0.004140415 300
0.042627925 0.009167678 0.156986839 0.271386424 0.352891411 0.41205008 0.451043314 0.468494186 0.466189422 0.448641906 0.419312656 0.331071694 0.277242505 0.222738276 0.171301154 0.1250425 0.085101415 0.052316862 0.027177272 0.009797713 0.004049149 300
0.042344869 0.010700322 0.158324997 0.272342832 0.353582548 0.412542313 0.45132522 0.468562402 0.466081688 0.448403293 0.418965437 0.330552152 0.276693273 0.222203917 0.17081056 0.124610265 0.084736935 0.052027244 0.026964896 0.009664042 0.003958764 300
0.042061196 0.012234085 0.159659308 0.273295929 0.354271553 0.413032557 0.451604934 0.468628619 0.465972448 0.448163524 0.418617179 0.330032073 0.276143988 0.221669883 0.170320493 0.124178665 0.084373174 0.051738395 0.026753292 0.009531191 0.00386926 300
0.041776906 0.013768882 0.160989758 0.274245729 0.354958432 0.413520809 0.451882455 0.468692843 0.465861706 0.447922604 0.418267882 0.329511463 0.275594654 0.221136177 0.169830955 0.1237477 0.084010133 0.051450315 0.02654246 0.00939916 0.003780638 300
0.041491995 0.015304631 0.162316333 0.275192249 0.355643192 0.414007067 0.452157784 0.468755078 0.465749468 0.447680533 0.417917546 0.328990327 0.275045276 0.220602802 0.169341946 0.123317371 0.083647813 0.051163005 0.026332401 0.009267951 0.0036929 300
0.041206462 0.016841251 0.163639022 0.276135501 0.356325839 0.41449133 0.452430918 0.468815327 0.465635738 0.447437313 0.417566174 0.328468669 0.274495857 0.22006976 0.168853469 0.122887679 0.083286215 0.050876464 0.026123115 0.009137565 0.003606048 300
0.040920306 0.01837866 0.164957812 0.277075503 0.357006378 0.414973594 0.452701859 0.468873595 0.465520521 0.447192948 0.417213764 0.327946493 0.273946404 0.219537055 0.168365524 0.122458624 0.082925338 0.050590694 0.025914601 0.009008002 0.003520082 300
0.040633525 0.019916776 0.166272691 0.278012267 0.357684816 0.415453859 0.452970606 0.468929886 0.465403821 0.446947438 0.416860319 0.327423806 0.273396919 0.219004688 0.167878113 0.122030208 0.082565185 0.050305694 0.02570686 0.008879264 0.003435003 300
0.040346117 0.021455518 0.16758365 0.27894581 0.358361159 0.41593212 0.453237157 0.468984205 0.465285643 0.446700785 0.416505839 0.32690061 0.272847409 0.218472664 0.167391237 0.121602431 0.082205756 0.050021464 0.025499891 0.008751352 0.003350814 300
0.040058081 0.022994808 0.168890677 0.279876146 0.359035412 0.416408378 0.453501514 0.469036555 0.465165992 0.446452992 0.416150325 0.326376911 0.272297876 0.217940984 0.166904897 0.121175295 0.081847051 0.049738005 0.025293695 0.008624267 0.003267514 300
0.039769415 0.024534565 0.170193764 0.280803289 0.359707581 0.416882628 0.453763676 0.469086943 0.465044873 0.446204061 0.415793777 0.325852713 0.271748327 0.217409651 0.166419095 0.1207488 0.081489071 0.049455316 0.025088272 0.00849801 0.003185106 300
0.039480117 0.026074709 0.1714929 0.281727255 0.360377671 0.417354869 0.454023642 0.469135371 0.464922289 0.445953992 0.415436196 0.325328022 0.271198764 0.216878668 0.165933833 0.120322947 0.081131816 0.049173398 0.024883621 0.008372583 0.003103591 300
0.039190186 0.027615163 0.172788077 0.282648059 0.361045687 0.417825098 0.454281413 0.469181844 0.464798247 0.445702789 0.415077584 0.324802842 0.270649194 0.216348038 0.16544911 0.119897737 0.080775289 0.048892251 0.024679744 0.008247986 0.003022969 300
0.038899621 0.029155849 0.174079288 0.283565714 0.361711636 0.418293313 0.454536989 0.469226367 0.46467275 0.445450452 0.41471794 0.324277178 0.270099619 0.215817763 0.164964929 0.119473172 0.080419489 0.048611876 0.02447664 0.00812422 0.002943243 300
0.038608419 0.03069669 0.175366525 0.284480237 0.362375521 0.418759512 0.454790369 0.469268944 0.464545802 0.445196985 0.414357266 0.323751034 0.269550046 0.215287846 0.164481291 0.119049251 0.080064417 0.048332271 0.024274309 0.008001287 0.002864412 300
0.03831658 0.032237608 0.17664978 0.285391642 0.363037348 0.419223692 0.455041554 0.46930958 0.464417409 0.444942387 0.413995562 0.323224415 0.269000477 0.21475829 0.163998197 0.118625976 0.079710073 0.048053438 0.024072751 0.007879187 0.00278648 300
0.038024102 0.033778527 0.177929048 0.286299944 0.363697122 0.419685851 0.455290543 0.46934828 0.464287575 0.444686662 0.413632829 0.322697326 0.268450918 0.214229096 0.163515648 0.118203348 0.079356459 0.047775377 0.023871967 0.007757923 0.002709445 300
0.037730984 0.035319372 0.179204322 0.287205156 0.364354847 0.420145987 0.455537337 0.469385048 0.464156305 0.444429811 0.413269069 0.322169773 0.267901373 0.213700269 0.163033646 0.117781368 0.079003575 0.047498087 0.023671956 0.007637495 0.002633311 300
0.037437224 0.036860069 0.180475596 0.288107295 0.365010529 0.420604096 0.455781936 0.469419888 0.464023603 0.444171835 0.412904281 0.321641758 0.267351847 0.21317181 0.162552192 0.117360036 0.078651422 0.047221569 0.023472718 0.007517904 0.002558078 300
0.037142821 0.038400542 0.181742867 0.289006375 0.365664171 0.421060177 0.456024341 0.469452806 0.463889472 0.443912737 0.412538467 0.321113288 0.266802343 0.212643721 0.162071287 0.116939354 0.0783 0.046945823 0.023274255 0.007399151 0.002483747 300
0.036847774 0.039940718 0.18300613 0.28990241 0.366315777 0.421514226 0.45626455 0.469483805 0.463753919 0.443652517 0.412171628 0.320584367 0.266252866 0.212116006 0.161590931 0.116519322 0.07794931 0.04667085 0.023076565 0.007281238 0.002410319 300
0.036552081 0.041480524 0.184265379 0.290795416 0.366965354 0.421966242 0.456502566 0.469512891 0.463616947 0.443391178 0.411803764 0.320055001 0.26570342 0.211588667 0.161111128 0.116099941 0.077599353 0.046396648 0.022879649 0.007164166 0.002337796 300
0.036255741 0.043019887 0.185520613 0.291685405 0.367612903 0.422416223 0.456738388 0.469540069 0.463478561 0.443128721 0.411434876 0.319525193 0.265154011 0.211061706 0.160631877 0.115681212 0.07725013 0.046123218 0.022683507 0.007047936 0.002266179 300
0.035958753 0.044558736 0.186771828 0.292572394 0.36825843 0.422864164 0.456972017 0.469565342 0.463338764 0.442865148 0.411064965 0.318994948 0.264604641 0.210535126 0.16015318 0.115263136 0.076901641 0.045850561 0.02248814 0.006932549 0.002195468 300
0.035661116 0.046097 0.188019021 0.293456397 0.368901938 0.423310065 0.457203453 0.469588717 0.463197562 0.44260046 0.410694033 0.318464272 0.264055316 0.210008929 0.159675037 0.114845715 0.076553886 0.045578676 0.022293547 0.006818007 0.002125665 300
0.035362829 0.047634608 0.189262191 0.294337428 0.369543431 0.423753922 0.457432697 0.469610197 0.463054958 0.442334659 0.410322079 0.31793317 0.26350604 0.209483118 0.159197451 0.114428948 0.076206867 0.045307564 0.022099729 0.00670431 0.002056771 300
0.03506389 0.049171491 0.190501336 0.295215501 0.370182914 0.424195733 0.45765975 0.469629788 0.462910958 0.442067746 0.409949105 0.317401645 0.262956816 0.208957695 0.158720423 0.114012837 0.075860584 0.045037224 0.021906686 0.00659146 0.001988787 300
0.034764299 0.05070758 0.191736454 0.296090632 0.370820388 0.424635495 0.457884611 0.469647494 0.462765564 0.441799722 0.409575112 0.316869704 0.26240765 0.208432662 0.158243952 0.113597382 0.075515038 0.044767657 0.021714417 0.006479459 0.001921714 300
0.034464054 0.052242805 0.192967544 0.296962833 0.371455859 0.425073206 0.458107283 0.46966332 0.462618782 0.44153059 0.409200101 0.31633735 0.261858545 0.207908022 0.157768042 0.113182585 0.07517023 0.044498863 0.021522924 0.006368306 0.001855553 300
0.034163154 0.053777101 0.194194608 0.29783212 0.372089329 0.425508864 0.458327765 0.469677271 0.462470615 0.44126035 0.408824072 0.315804589 0.261309506 0.207383778 0.157292692 0.112768446 0.074826159 0.044230842 0.021332207 0.006258005 0.001790305 300
0.033861599 0.055310398 0.195417644 0.298698506 0.372720802 0.425942465 0.458546058 0.469689351 0.462321069 0.440989005 0.408447027 0.315271426 0.260760537 0.206859931 0.156817905 0.112354967 0.074482827 0.043963593 0.021142265 0.006148555 0.001725972 300
0.033559387 0.056842632 0.196636653 0.299562006 0.37335028 0.426374007 0.458762164 0.469699567 0.462170146 0.440716555 0.408068966 0.314737865 0.260211642 0.206336484 0.15634368 0.111942147 0.074140234 0.043697118 0.020953099 0.006039958 0.001662553 300
0.033256518 0.058373737 0.197851636 0.300422634 0.373977767 0.426803487 0.458976083 0.469707922 0.462017851 0.440443001 0.407689891 0.314203911 0.259662825 0.20581344 0.15587002 0.111529989 0.073798381 0.043431415 0.020764709 0.005932216 0.001600051 300
0.032952991 0.059903648 0.199062595 0.301280403 0.374603266 0.427230904 0.459187816 0.469714422 0.461864188 0.440168346 0.407309802 0.31366957 0.259114091 0.2052908 0.155396925 0.111118493 0.073457269 0.043166485 0.020577095 0.00582533 0.001538466 300
0.032648805 0.061432301 0.200269531 0.302135328 0.375226779 0.427656254 0.459397365 0.469719071 0.461709162 0.43989259 0.406928701 0.313134846 0.258565443 0.204768566 0.154924397 0.110707659 0.073116897 0.042902329 0.020390258 0.0057193 0.001477799 300
0.032343958 0.062959633 0.201472446 0.302987423 0.37584831 0.428079535 0.45960473 0.469721875 0.461552776 0.439615735 0.406546588 0.312599744 0.258016886 0.204246742 0.154452436 0.11029749 0.072777268 0.042638946 0.020204198 0.005614129 0.001418051 300
0.032038451 0.06448558 0.202671343 0.303836701 0.37646786 0.428500744 0.459809913 0.469722838 0.461395034 0.439337782 0.406163465 0.312064269 0.257468424 0.203725329 0.153981044 0.109887985 0.07243838 0.042376336 0.020018915 0.005509817 0.001359223 300
0.031732283 0.066010082 0.203866225 0.304683175 0.377085433 0.428919879 0.460012915 0.469721965 0.461235941 0.439058733 0.405779332 0.311528426 0.256920061 0.20320433 0.153510222 0.109479145 0.072100236 0.042114499 0.019834409 0.005406366 0.001301316 300
0.031425452 0.067533077 0.205057094 0.305526861 0.377701031 0.429336937 0.460213736 0.469719263 0.4610755 0.438778588 0.405394191 0.310992219 0.2563718 0.202683747 0.153039971 0.109070971 0.071762835 0.041853435 0.019650681 0.005303777 0.00124433 300
0.031117958 0.069054504 0.206243956 0.306367771 0.378314656 0.429751915 0.460412379 0.469714734 0.460913715 0.438497349 0.405008043 0.310455654 0.255823647 0.202163581 0.152570292 0.108663465 0.071426179 0.041593145 0.019467731 0.005202051 0.001188267 300
0.030809802 0.070574304 0.207426813 0.307205918 0.37892631 0.430164812 0.460608844 0.469708385 0.46075059 0.438215017 0.404620889 0.309918736 0.255275605 0.201643836 0.152101186 0.108256627 0.071090267 0.041333627 0.019285559 0.00510119 0.001133128 300
0.030500981 0.072092419 0.20860567 0.308041316 0.379535996 0.430575624 0.460803134 0.469700221 0.46058613 0.437931593 0.404232729 0.309381469 0.254727678 0.201124512 0.151632654 0.107850458 0.0707551 0.041074884 0.019104166 0.005001194 0.001078913 300
0.030191495 0.073608789 0.209780531 0.308873979 0.380143715 0.43098435 0.460995249 0.469690246 0.460420337 0.437647079 0.403843566 0.308843859 0.25417987 0.200605614 0.151164698 0.107444959 0.070420679 0.040816913 0.018923552 0.004902066 0.001025622 300
0.029881345 0.075123358 0.210951402 0.309703919 0.38074947 0.431390986 0.461185192 0.469678465 0.460253216 0.437361476 0.4034534 0.30830591 0.253632185 0.200087141 0.150697318 0.107040131 0.070087005 0.040559716 0.018743717 0.004803807 0.000973258 300